7.54156 16.3831 0.703125 2.12695 4.71094 1.7334 133637 0 0.00584219 0.939453 0
31.2031 -6.29273 0.0273438 2.10547 5.13281 1.87695 100483 0 -1.61069 0.930176 0
30.5006 3.95062 0.850586 2.54688 6.08594 2.64062 115457 0 1.56822 0.930176 0
4.07922 16.1284 0.737305 2.20508 4.80859 1.77539 133158 0 -0.0360819 0.924316 0
43.7081 26.3845 0.28125 2.24219 5.16797 1.91602 148258 0 1.50039 0.920898 0
-33.1483 -6.92234 0.627441 2.01562 4.53125 1.50488 99346 0 -1.58737 0.91748 0
-25.7155 -6.64172 0.603516 1.98145 4.35547 1.50488 99837 0 -1.64725 0.904785 0
18.1423 3.25578 0.459229 2.13086 4.48047 1.92285 114482 0 1.54713 0.898438 0
-36.9718 6.01406 0.636719 1.97266 4.58984 1.61328 118054 0 1.52897 0.892578 0
-22.1547 6.32375 0.643066 1.86133 4.08984 1.58301 118568 0 1.54235 0.889648 0
-10.6359 6.3286 0.63916 2.02734 4.67578 1.48145 118604 0 1.56452 0.889648 0
1.0936 20.9252 0.658203 2.3418 5.36328 1.92773 140169 0 -0.00340797 0.888184 0
-16.5366 6.36594 0.791992 2.0332 4.57812 1.79785 118586 0 1.549 0.877441 0
53.6341 11.0175 0.199463 0.821777 0.928711 1.76953 125825 0 1.46169 0.876953 0
49.2044 14.5519 0.299316 2.11523 4.85547 1.82129 130959 0 -1.58731 0.875977 0
24.9061 17.3755 0.195923 2.04102 4.57031 1.67773 135095 0 0.768123 0.870117 0
27.7731 13.9555 0.200073 2.09766 4.44141 1.72168 129956 0 0.922817 0.867676 0
13.0537 12.0291 0.523438 0.82373 0.986328 1.68262 127102 0 1.59318 0.861328 0
40.4734 41.3944 0.192749 1.96582 4.20312 1.68945 170244 0 -1.83107 0.849609 0
18.5217 33.4445 0.0827637 1.92969 4.51953 1.53613 158475 0 3.09475 0.848145 0
39.8825 31.8552 0.127197 2.04883 4.80469 1.52051 156202 0 -0.0626017 0.844238 0
-50.7302 5.9625 0.887695 2.34766 5.37891 2.04492 118011 0 1.53455 0.839844 0
18.0605 56.7809 -0.0178223 1.9873 4.53516 1.53418 192638 0 3.11758 0.837891 2
-45.5527 -6.96691 0.661621 2.01758 4.61328 1.5752 99307 0 -1.59267 0.82666 0
18.5144 28.0925 0.234741 1.97461 4.33203 1.73633 150519 0 3.12729 0.823242 0
33.2438 43.9842 0.119019 1.9668 4.49219 1.53125 173965 0 3.13251 0.821777 0
53.938 11.6345 0.220947 0.799805 0.914062 1.81445 126762 0 1.5111 0.821289 0
40.5547 3.46391 0.139648 1.96484 4.41406 1.47559 114552 0 1.56132 0.820312 0
17.6937 10.1544 0.34375 0.946289 1.00488 1.73242 124309 0 1.37886 0.816406 0
-18.732 11.1105 0.834961 0.934082 0.951172 1.72168 125599 0 -1.62952 0.81543 0
39.2603 12.2409 0.307129 0.85498 0.886719 1.80762 127652 0 1.5228 0.81543 0
4.11375 23.4571 0.493164 1.96875 4.44141 1.52246 143922 0 -0.0232346 0.81543 0
-39.8278 -7.10313 0.62207 2.08984 4.69141 1.53125 98857 0 -1.63394 0.813965 0
38.3339 -6.12375 -0.0700684 1.90918 4.29688 1.50391 100505 0 -1.5574 0.811523 0
35.7673 44.2903 0.32373 1.94531 4.41797 1.83496 174441 0 3.11299 0.809082 0
-31.2895 10.3928 0.695312 0.824707 0.932129 1.67871 124624 0 1.51868 0.808105 0
28.5349 -9.76047 0.0388184 0.868164 0.944824 1.77441 95327 0 -1.64007 0.806152 0
51.8967 -9.77016 0.0166016 0.799316 0.878906 1.62305 95400 0 1.57331 0.805664 0
30.8302 44.301 0.291992 2.00977 4.42188 1.76172 174426 0 -3.09871 0.805176 0
22.5477 6.01844 0.346436 2.32227 4.98828 2.03906 118240 0 1.58317 0.803711 0
-45.6086 9.98438 0.813477 0.827148 0.924805 1.77344 124111 0 1.52925 0.802734 0
18.3505 49.4994 0.124512 1.91504 4.04297 1.63379 181875 0 3.05792 0.800781 0
56.5048 -5.81094 -0.034668 1.95117 4.33984 1.65527 101030 0 -1.58556 0.796387 0
19.7578 12.5532 0.204956 0.803711 0.936035 1.67188 128059 0 1.13265 0.796387 0
49.7777 24.2681 0.138794 1.84375 3.96289 1.53223 145001 0 -1.56259 0.786621 0
49.1752 19.3955 0.233398 1.83105 3.96289 1.50977 137979 0 -1.58666 0.783691 0
-64.2059 -11.747 0.785156 0.803711 0.805664 1.71973 92229 0 -1.55483 0.781738 0
43.9461 -6.17094 0.0148926 2.04297 4.39453 1.7832 100523 0 -1.60765 0.781738 0
-58.4735 -11.6016 0.800781 0.773926 0.80127 1.75977 92247 0 -1.62578 0.776855 0
53.8273 12.3337 0.253662 0.849609 0.955566 1.77539 127698 0 1.57787 0.765137 0
19.3802 11.6959 0.120239 0.740723 0.839844 1.59668 126654 0 1.52478 0.764648 0
-22.5252 -0.285934 0.974609 2.25781 4.79297 1.74414 109207 0 -1.57251 0.763184 0
-59.3019 -12.3886 0.834961 0.760254 0.763184 1.79199 91308 0 1.6046 0.760742 0
-45.3335 9.22437 0.791992 0.836426 0.935059 1.75781 122708 0 1.52244 0.756348 0
-48.1161 -3.67859 0.703613 2.05859 4.64844 1.50781 103979 0 -1.57942 0.754395 0
39.4246 11.4287 0.122681 0.79541 0.847168 1.67969 126249 0 1.49233 0.754395 0
-48.6966 -10.0951 0.660156 0.748047 0.772949 1.65723 94617 0 -1.58916 0.753906 0
19.6288 10.923 0.199097 0.802734 0.889648 1.61133 125719 0 1.44036 0.751953 0
-48.4769 -10.9186 0.713867 0.790527 0.832031 1.70312 93214 0 -1.56574 0.750977 0
-33.6762 -3.5525 0.714355 2.0625 4.58203 1.51367 104024 0 -1.60126 0.743164 0
-59.6156 -11.6103 0.822266 0.79248 0.758789 1.79297 92243 0 1.38275 0.738281 0
49.1406 26.6998 0.322998 1.9209 4.32422 1.64355 148743 0 -1.60456 0.736328 0
52.6168 3.62688 0.155151 2.04102 4.46875 1.46973 115058 0 1.61655 0.734375 0
-69.595 2.34203 0.893555 2.0957 4.5625 1.7207 112804 0 1.58547 0.71875 0
17.9757 67.3528 -0.000976562 1.93262 4.27344 1.45117 208082 0 -3.13354 0.71582 0
-43.6964 5.85414 1.39941 2.85742 6.73438 2.92969 118033 0 1.54455 0.713867 0
15.9389 9.64696 0.379395 0.809082 0.974121 1.66406 123835 0 1.54747 0.710449 0
1.74797 -4.0866 1.7334 3.25586 13.7812 3.55859 103667 0 -1.66228 0.709961 0
70.5644 -5.59438 0.0552979 2.00977 4.47656 1.69629 101542 0 1.56115 0.699707 1
-46.8542 9.86047 0.755859 0.827637 0.906738 1.7207 123639 0 1.5758 0.696777 0
18.0036 72.1095 0.0566406 2.05273 4.43359 1.74316 215102 0 3.13248 0.683594 0
-57.5106 5.80938 0.693848 1.93848 4.19531 1.55469 117990 0 1.55535 0.64502 2
16.9873 11.1555 0.330322 0.890137 0.955078 1.63477 125711 0 1.34416 0.640625 0
-46.9814 10.6381 0.763672 0.80957 0.875 1.67188 125043 0 1.5536 0.637695 0
-52.0915 10.8034 0.878906 0.838379 0.904785 1.73633 125027 0 1.50031 0.619141 0
49.4591 17.1631 0.254639 2.08789 4.69141 1.70508 134704 0 -1.559 0.613281 0
36.0352 38.2068 0.240601 0.85791 0.952637 1.83594 165550 0 -0.181637 0.611816 0
-11.37 -0.0168762 0.810547 2.10742 4.75391 1.5625 109242 0 -1.57925 0.611328 0
55.1742 9.72875 0.134033 1.00977 1.08594 1.82715 123958 0 -1.56061 0.610352 0
-50.0955 -7.63914 0.907227 0.839844 0.892578 1.75 98357 0 -1.46838 0.599609 0
0.802498 32.1566 0.608398 2.06055 4.60156 1.7002 156548 0 -0.0987437 0.577148 0
-65.5544 -9.66031 0.835938 0.795898 0.812012 1.75879 95033 0 -1.50226 0.566406 0
-59.2905 -12.5175 0.844727 0.790039 0.793945 1.8125 90840 0 1.63538 0.563965 2
-59.4868 -11.6437 0.849609 0.771973 0.765625 1.78809 92244 0 -0.636 0.563965 0
41.2291 36.2478 0.307129 0.868164 0.85791 1.68262 162758 0 0.224149 0.54541 0
0.735939 42.0961 0.664551 2.10156 4.76562 1.8418 171056 0 0.0733471 0.54248 0
-59.6534 -11.4825 0.800781 0.767578 0.736816 1.73926 92711 0 1.56094 0.523438 0
17.5328 10.3563 0.330566 0.883301 0.944336 1.65234 124776 0 1.44354 0.516602 0
-71.5247 5.57571 0.638184 1.93945 4.32422 1.54688 117478 0 1.57262 0.509766 0
-18.6889 11.2201 0.84375 0.937012 0.964844 1.75 126067 0 1.90527 0.509766 0
22.6052 -8.27296 -0.355713 0.788574 0.813965 1.62988 97648 0 2.77541 0.508789 0
27.3105 -10.4264 -0.183594 0.803711 0.885254 1.63672 94387 0 1.7129 0.499023 0
59.6998 3.62203 0.148682 1.90918 4.17188 1.48438 115080 0 1.57968 0.496338 0
-72.1378 -4.02609 0.576172 2.02148 4.48047 1.55176 103436 0 -1.56206 0.471436 0
67.6605 3.43219 0.208618 1.98242 4.37891 1.6748 114637 0 1.66174 0.461426 0
0.521248 47.8556 0.694824 2.01172 4.4375 1.72363 179479 0 0.0224477 0.455566 0
24.4153 36.9608 0.116577 2.07227 4.78125 1.65527 163642 0 3.12571 0.450439 0
25.7188 35.7953 0.348145 0.836426 0.759277 1.77148 161774 0 -1.88194 0.449951 0
-46.6798 10.0096 0.768555 0.812012 0.884766 1.70996 124108 0 1.60246 0.448486 0
-65.6375 -9.5607 0.808594 0.793945 0.821777 1.76758 95500 0 -1.46506 0.435791 0
53.7911 10.9967 0.149414 0.827637 0.960938 1.77051 125826 0 1.50269 0.433838 0
19.3831 11.8736 0.17395 0.819336 0.922852 1.65137 127122 0 1.51534 0.415527 0
54.9841 9.79109 0.118164 1.01758 1.5 1.81738 123957 0 -1.53096 0.414551 0
-59.1795 -12.3889 0.860352 0.796875 0.79834 1.81641 91309 0 1.57955 0.40332 0
-65.4266 5.90875 0.604492 1.95215 4.42188 1.52148 117965 0 1.57749 0.400879 0
-52.1966 10.9234 0.915039 0.84375 0.901855 1.72559 125494 0 1.50315 0.397949 0
37.5553 9.21203 0.839844 0.775391 0.830078 1.65527 122967 0 1.53123 0.395508 0
19.5492 11.6828 0.154541 0.772461 0.883301 1.63867 126655 0 1.56154 0.394531 0
67.9698 -5.61023 -0.11377 0.801758 1.92188 1.43066 101534 0 -3.11499 0.386475 0
-50.6195 -8.84055 0.701172 0.768555 0.76416 1.64648 96483 0 -1.58134 0.384277 0
-71.8047 5.32203 0.668945 2.09961 4.71875 1.61133 117009 0 1.53417 0.374268 0
59.4078 3.44672 0.150391 1.61719 3.48438 1.43359 114611 0 1.5999 0.370605 0
-46.674 9.84969 0.755859 0.830566 0.908691 1.72461 123640 0 1.59899 0.354736 0
24.2497 36.3333 0.136108 2.04883 4.60156 1.62109 162705 0 -0.0451564 0.351807 0
-45.4916 9.35394 0.773438 0.839844 0.911621 1.75391 123175 0 1.56001 0.350586 0
-64.4872 -7.21914 0.59082 1.88574 4.27344 1.49023 98780 0 -1.57555 0.342285 0
27.3102 -10.627 -0.208496 0.821777 0.931641 1.67676 93919 0 1.71114 0.338867 0
38.8845 35.9563 0.110352 0.797363 0.836426 1.62598 162283 0 1.47532 0.338623 0
62.6213 14.9277 0.635742 0.800293 1.32031 1.76465 131469 0 1.55804 0.336426 0
-47.0759 10.5366 0.77832 0.833984 0.896973 1.67578 124574 0 1.53412 0.328857 0
27.1481 -10.4408 -0.165283 0.814453 0.925293 1.64746 94386 0 -1.46151 0.327637 0
-71.5234 -7.56593 0.538086 1.83594 4.09375 1.48926 98290 0 -1.58921 0.327637 0
-18.8992 11.045 0.824219 0.969727 0.965332 1.73242 125598 0 -1.65347 0.32666 0
22.7498 -8.26867 -0.489502 0.813965 0.875977 1.71289 97649 0 2.90753 0.325684 0
60.2539 3.67727 0.172241 2.14844 4.94141 1.56152 115082 0 1.58322 0.325684 0
66.4106 3.66109 0.188965 2.02344 4.58203 1.71777 115101 0 1.66184 0.323975 0
38.8936 35.7711 0.0817871 0.796387 0.829102 1.63672 161815 0 1.50533 0.32251 0
-62.3331 10.9636 0.801758 0.825195 0.902832 1.69922 125463 0 1.60947 0.322021 0
0.770157 43.3628 0.655762 2.125 4.66016 1.85547 172928 0 -3.11874 0.30957 0
39.3369 11.5649 0.201172 0.814453 0.833496 1.71973 126716 0 1.49809 0.306885 0
52.4325 37.9517 1.14648 0.79248 0.816406 1.70605 165133 0 1.47472 0.303955 0
25.7157 47.6395 1.08496 0.84082 0.803711 1.83984 179090 0 -2.78562 0.303955 0
-45.7775 9.99961 0.789062 0.867188 0.949219 1.77734 124110 0 1.53154 0.302979 0
-59.1725 -12.5534 0.861328 0.824219 0.812012 1.81934 90841 0 1.59459 0.299316 0
-71.2656 5.33437 0.658691 1.68945 3.70898 1.48145 117011 0 1.55562 0.299072 0
41.3389 36.1244 0.33667 0.93457 0.951172 1.73438 162291 0 0.126762 0.29834 0
-59.3841 -12.0048 0.831055 0.768555 0.765625 1.80859 91776 0 1.47862 0.296875 0
22.3073 64.1378 0.569336 0.839355 1.62988 1.81738 203415 0 2.97331 0.296631 0
1.12609 58.4006 0.792969 2.15234 4.80859 1.87695 194925 0 -0.106876 0.294678 0
-59.3097 -12.9746 0.892578 0.766602 0.788086 1.82812 90372 0 1.55329 0.294434 0
53.9261 11.4744 0.199707 0.833984 0.966309 1.82617 126294 0 1.43195 0.293213 0
-0.512497 13.2695 0.755859 0.89209 1.15918 1.78125 128932 0 -1.67925 0.292236 0
53.852 12.5175 0.271729 0.858398 0.949707 1.72656 128166 0 1.48022 0.290039 0
54.0976 11.6561 0.203125 0.859375 0.951172 1.77637 126763 0 1.55822 0.287354 0
53.8812 12.0294 0.22583 0.870605 0.946777 1.80859 127230 0 1.54934 0.287109 0
0.738281 48.4374 0.6875 2.06055 4.64062 1.80273 180416 0 0.019786 0.286377 0
0.571877 32.7591 0.633301 2.06445 4.64844 1.66211 157483 0 -0.147032 0.285645 0
0.474846 58.3841 0.801758 2.17383 4.85938 1.85547 194923 0 -0.0267355 0.281494 0
-64.7727 -6.94281 0.562012 2.04102 4.65234 1.58105 99247 0 -1.53853 0.279297 0
-71.8128 5.84133 0.668457 2.17188 4.88281 1.65234 117945 0 1.56108 0.279053 0
53.6488 10.8678 0.197754 0.905762 0.999023 1.81543 125357 0 1.49262 0.276367 0
36.0156 38.4738 0.209229 0.886719 1.81445 1.85156 166018 0 -0.362136 0.272949 0
-65.0781 -7.19484 0.598633 2.08984 4.82031 1.58984 98778 0 -1.60052 0.269043 0
-47.616 -3.62703 0.714844 1.80078 3.70508 1.44336 103981 0 -1.57969 0.269043 0
19.4022 11.4856 0.182129 0.78418 0.859375 1.58887 126186 0 1.46799 0.268799 0
0.8125 58.108 0.775391 2.13867 4.76953 1.86035 194456 0 -0.0300402 0.267822 1
-71.8798 -3.77438 0.52832 1.89453 4.13672 1.50879 103905 0 -1.5276 0.259766 0
-14.8344 -14.8394 0.176514 2.06055 4.67578 1.50879 87703 0 1.43992 0.259521 0
0.168129 58.092 0.827148 2.14062 4.79297 1.83594 194454 0 -0.0504942 0.257568 1
22.2341 65.7969 0.0812988 0.813965 0.790527 1.61523 205755 0 -0.0484753 0.254639 0
53.6697 12.5443 0.28125 0.867676 0.938477 1.76367 128165 0 1.53318 0.253662 0
55.2037 9.56937 0.150757 0.95459 1.11523 1.82715 123490 0 -1.56076 0.252441 0
56.8122 -17.1667 -0.141357 1.98828 4.49219 1.56641 84651 0 -1.48647 0.249756 0
-62.487 10.8309 0.841797 0.872559 1.04395 1.71191 124994 0 1.67357 0.24939 0
36.1924 38.2001 0.201416 0.937012 1.19727 1.83398 165551 0 -0.213841 0.248657 0
-59.4806 -11.4772 0.854492 0.804199 0.787598 1.7793 92712 0 -1.56249 0.248169 2
67.8287 -5.62563 -0.0654297 0.811523 1.97168 1.42578 101533 0 -3.1134 0.245972 0
-50.2898 -7.76344 0.93457 0.88623 1.2959 1.79102 97888 0 -1.41381 0.245728 0
-71.243 5.83286 0.660156 1.82617 3.95898 1.51465 117947 0 1.63203 0.243408 0
-31.2736 10.2205 0.69043 0.86377 0.956055 1.69336 124156 0 1.52198 0.243408 0
-71.5966 -4.02234 0.543457 1.72754 3.62891 1.47266 103438 0 -1.56167 0.242065 0
54.9064 10.0165 0.0794678 0.953125 1.26074 1.72266 124425 0 -1.44705 0.242065 0
-50.2692 -7.62504 0.931641 0.92627 1.1543 1.78027 98356 0 -1.41141 0.241455 0
1.02605 31.5592 0.59668 2.07617 4.58203 1.72656 155613 0 -0.087692 0.241089 0
25.5719 35.8901 0.324219 0.887695 0.836914 1.78613 162241 0 -1.66687 0.239258 0
-47.0711 9.81906 0.768555 0.839355 0.949219 1.71484 123638 0 1.59044 0.238281 0
1.01391 32.7605 0.625 2.08203 4.66797 1.69434 157485 0 -0.020056 0.237915 0
-35.2884 12.3069 1.23535 0.849609 1.85547 1.76953 127419 0 0.983703 0.237549 0
19.1888 11.6977 0.146729 0.808594 0.902344 1.6377 126653 0 1.53042 0.237305 0
-47.0828 10.018 0.769531 0.810547 0.895508 1.68164 124106 0 1.56846 0.236572 0
1.11578 59.342 0.860352 2.23242 5.04688 1.92578 196329 0 0.0519649 0.235474 0
-59.8928 -11.4252 0.74707 0.692871 0.655273 1.54688 92710 0 1.59876 0.235229 0
-64.1835 -11.4686 0.741211 0.774414 0.794434 1.71191 92697 0 -1.55743 0.234497 0
-58.5837 -11.4908 0.77832 0.802246 0.805664 1.76758 92714 0 -1.59914 0.234131 0
51.9004 -9.93719 0.0236816 0.841797 0.893066 1.65137 94932 0 1.57077 0.233765 0
-16.8474 66.398 1.47461 1.99805 4.34766 1.64551 206569 0 -0.0773208 0.233521 0
27.14 -10.6309 -0.201904 0.828125 1.00488 1.67871 93918 0 2.12255 0.232056 0
62.6097 15.0978 0.658203 0.831055 1.66309 1.77734 131937 0 1.5751 0.227539 0
54.6306 10.0396 -0.0419922 0.807617 0.893066 1.49805 124424 0 -1.40857 0.227417 0
-20.8978 12.7156 0.989258 0.749023 0.697266 1.72363 127932 0 -0.0232827 0.227173 0
24.2491 37.5536 0.141113 2.0918 4.75391 1.69238 164577 0 3.11786 0.226562 0
0.842346 59.0355 0.848633 2.10742 4.68359 1.85547 195860 0 -0.0339103 0.226196 1
-45.4292 10.0117 0.827148 0.851074 0.948242 1.77734 124112 0 1.94455 0.22583 0
49.411 16.8887 0.259521 1.81152 3.84766 1.72363 134236 0 -1.57223 0.224487 0
19.8683 12.4495 0.197754 0.883301 0.988281 1.74707 127592 0 1.17409 0.223999 0
-64.7553 -7.45812 0.580078 1.93652 4.47656 1.50098 98311 0 -1.5873 0.223267 0
17.7305 9.87266 0.337402 0.860352 0.944824 1.66797 123841 0 1.32228 0.221313 0
0.785316 33.4033 0.645508 2.07031 4.57812 1.69238 158420 0 -0.108698 0.221069 0
55.1709 10.0228 0.105957 0.964844 1.17676 1.78906 124426 0 -1.52311 0.218506 0
-0.707497 13.2513 0.798828 0.868164 1.06836 1.77246 128931 0 -1.72453 0.217285 0
-45.7941 9.85656 0.78418 0.861816 0.950195 1.75391 123642 0 1.52854 0.216309 0
36.0575 38.0536 0.254883 0.942383 1.11719 1.82812 165082 0 -2.81734 0.215088 0
-18.806 10.8153 0.799805 0.816895 0.859375 1.61133 125131 0 -1.64587 0.214355 0
39.3877 12.1125 0.263428 0.882812 0.912109 1.82812 127185 0 1.52033 0.213989 0
-72.1327 -7.78781 0.640625 1.94531 4.39062 1.58301 97820 0 -1.58362 0.213745 0
-46.5805 6.19531 1.50195 3.12305 12.3281 3.28906 118492 0 1.56884 0.212646 0
1.40211 57.782 0.770508 2.13672 4.82812 1.87207 193990 0 -0.119866 0.212524 0
-0.486481 13.9445 0.738281 0.856934 2.11914 1.55957 129868 0 -1.25495 0.210449 0
-50.6283 -9.00125 0.728027 0.791016 0.818359 1.65234 96015 0 -1.57505 0.209473 0
-71.2251 -7.78922 0.57959 1.9209 4.33203 1.53125 97823 0 -1.58225 0.207886 0
54.1496 12.327 0.215698 0.800781 0.908691 1.69434 127699 0 1.51433 0.206665 0
-71.5387 5.05938 0.658203 1.92773 4.27344 1.55078 116542 0 1.54136 0.206177 0
-59.8791 -11.6172 0.791992 0.755371 0.721191 1.69434 92242 0 1.5085 0.205811 0
13.0481 12.1748 0.510254 0.850586 0.996094 1.68945 127570 0 1.60786 0.202026 0
52.1044 3.60086 0.14502 1.82617 3.74805 1.46094 115056 0 1.61197 0.201294 0
68.2483 3.64164 0.279785 2.25977 5.21094 1.83008 115107 0 1.63227 0.200684 0
-62.5721 5.91328 0.708984 1.80859 4.00781 1.5459 117974 0 1.51128 0.200195 0
51.9217 -9.57898 0.0371094 0.869141 0.957031 1.66309 95868 0 1.57135 0.199707 0
66.0799 3.44797 0.123169 1.75586 4.0625 1.61328 114632 0 1.63739 0.199219 0
17.453 10.645 0.313232 0.786621 0.867188 1.52734 125244 0 1.45754 0.199219 0
38.6397 35.9694 0.119385 0.838867 0.885742 1.66797 162282 0 1.45268 0.198242 0
19.5924 11.3997 0.195923 0.80957 0.894043 1.61523 126187 0 1.50484 0.197144 0
25.0833 35.0381 0.19873 0.777832 0.767578 1.53027 160836 0 -1.79932 0.197144 0
53.6491 11.298 0.228149 0.824219 0.920898 1.80078 126293 0 1.41833 0.196289 0
27.3255 -10.2017 -0.130859 0.865723 0.956055 1.70117 94855 0 -2.07688 0.195557 0
0.786095 33.7388 0.655273 2.06836 4.53516 1.70996 158888 0 -2.95877 0.19397 0
-46.6219 10.3745 0.777344 0.808594 0.896484 1.69238 124576 0 1.61443 0.193359 0
-1.14148 66.0448 0.73877 0.897461 0.911621 1.77148 206150 0 -0.610906 0.193115 0
-0.118126 58.3965 0.830078 2.10742 4.73828 1.81738 194921 0 -0.113591 0.192749 0
-59.1468 -12.9597 0.894531 0.779785 0.807617 1.82617 90373 0 1.5226 0.191406 0
37.4002 9.20094 0.834961 0.802734 0.879395 1.71484 122966 0 1.49491 0.190796 0
-48.7256 -9.88398 0.663574 0.80127 0.825195 1.68262 95085 0 -1.62433 0.19043 0
-1.37859 51.4416 2.26367 0.832031 0.885742 1.8125 184621 0 0.947115 0.190186 0
55.3936 9.71547 0.147461 1.02246 1.17676 1.85742 123959 0 -1.53374 0.189209 0
-0.496246 14.2042 0.731445 0.874512 2.19141 1.58594 130336 0 -1.93119 0.189087 0
-46.8712 9.54906 0.741699 0.860352 0.924805 1.7334 123171 0 1.64086 0.187622 0
19.5003 10.8328 0.211304 0.848633 0.959473 1.59668 125250 0 1.51907 0.187622 0
23.8675 -43.3787 1.60352 0.864746 1.64355 1.59082 46172 0 3.13633 0.1875 0
-0.745155 13.9227 0.739258 0.838379 1.89551 1.57812 129867 0 -1.46039 0.1875 0
1.03523 47.8603 0.648438 2.04102 4.49219 1.73438 179481 0 0.108685 0.187256 0
37.8783 16.8512 0.75 0.875488 1.53711 1.86426 134200 0 -2.71183 0.18689 0
1.13 57.4597 0.74707 2.10352 4.75391 1.8457 193521 0 -0.0499584 0.184937 0
0.457504 57.4537 0.775391 2.07422 4.59375 1.83301 193519 0 -0.0367122 0.18457 0
-35.1518 12.313 1.21191 0.829102 1.53516 1.76172 127420 0 0.37696 0.183838 0
-64.3403 -11.9102 0.77832 0.77832 0.795898 1.68066 91760 0 -1.55557 0.183105 0
65.4791 3.71407 0.172729 1.90234 4.26562 1.62598 115098 0 1.64195 0.183105 0
-18.5507 11.1356 0.820312 0.952637 0.955078 1.75195 125600 0 -1.70071 0.183105 0
24.405 35.745 0.192261 2.08594 4.46484 1.66211 161770 0 0.0116865 0.183105 0
-48.5858 -10.3309 0.700195 0.786133 0.806641 1.70312 94150 0 -1.63666 0.182617 0
-45.3084 -6.69078 0.634766 1.74902 4.06641 1.5293 99776 0 -1.56926 0.181763 0
-72.4553 -7.56523 0.640625 1.9668 4.34375 1.60742 98287 0 -1.53771 0.181274 0
22.2891 12.2149 0.401367 0.791992 0.935059 1.7627 127599 0 1.24685 0.18042 0
10.0755 -11.4245 0.483398 0.88623 1.00098 1.79883 92929 0 0.47358 0.179932 0
-31.2661 10.5943 0.705566 0.924805 1.01172 1.70605 125092 0 1.4921 0.179932 0
39.1147 35.9577 0.126709 0.795898 0.876465 1.58398 162284 0 1.53858 0.179932 0
18.5805 49.7279 0.112915 2.125 4.63281 1.69238 182344 0 3.06398 0.179932 1
-20.689 12.6648 0.917969 0.749512 0.695801 1.64746 127933 0 0.266767 0.179565 0
34.9772 30.3027 -0.0129395 0.641602 0.563965 1.17871 153847 0 -0.108254 0.179199 0
-35.308 12.0914 1.23047 0.85498 1.83008 1.79883 126951 0 0.0759016 0.178589 0
-48.6981 -10.2691 0.661133 0.773926 0.789062 1.68457 94149 0 -1.63337 0.178467 0
-52.0631 10.5016 0.832031 0.878906 0.969238 1.75 124559 0 1.52094 0.178467 0
49.6643 26.9382 0.293457 2.22266 5.22266 1.77734 149213 0 -1.62361 0.178101 0
-69.0546 2.1825 0.802734 1.9082 3.9668 1.5791 112338 0 1.54004 0.177246 0
-3.69524 74.7641 0.309326 0.884766 0.990723 1.75781 218778 0 2.87844 0.176636 0
46.5493 45.6119 1.24805 2.25195 4.89453 1.93652 176347 0 -1.66122 0.176392 0
48.5648 26.6858 0.310547 1.70312 3.71875 1.59082 148741 0 -1.63219 0.17627 0
27.0928 -10.1653 -0.125977 0.84082 0.938965 1.65625 94854 0 -1.51339 0.174927 0
18.058 72.7085 -0.026123 2.32227 5.50781 1.9541 216038 0 3.10144 0.174438 0
-48.2989 -10.9509 0.736328 0.803711 0.855469 1.70312 93215 0 -1.58698 0.174072 0
26.3391 -8.05937 0.0319824 0.85791 0.939941 1.7666 97660 0 1.74523 0.173828 0
-35.3098 12.5751 1.15527 0.844238 1.97363 1.78125 127887 0 3.02172 0.173828 0
39.1048 35.7614 0.133545 0.788574 0.938477 1.58984 161816 0 1.59409 0.173828 0
28.5589 -9.93906 0.0197754 0.905762 0.95752 1.78418 94859 0 -1.59126 0.172607 0
-8.805 -13.6063 0.399902 2.01562 4.49609 1.58008 89594 0 1.4289 0.172485 0
28.5483 -9.58054 0.0356445 0.935547 1.0293 1.77441 95795 0 -1.66544 0.172485 0
-70.9639 5.61594 0.68457 1.61621 3.5 1.4502 117480 0 1.61968 0.171387 0
24.5797 -10.3764 -0.0991211 0.821777 0.972656 1.73926 94378 0 -1.66052 0.170776 0
-59.33 -13.1928 0.923828 0.829102 0.875 1.86816 89904 0 1.46051 0.169922 2
69.6694 -5.60703 -0.135742 1.80859 3.87109 1.56836 101539 0 1.57065 0.169922 0
-38.1878 -9.40485 0.970703 0.825684 0.821777 1.85352 95586 0 1.57968 0.169189 0
-53.2932 -12.948 0.773438 0.760742 0.760254 1.66797 90391 0 1.11226 0.168579 0
1.10508 27.3555 0.562988 1.94238 4.37109 1.56543 149529 0 -0.0556595 0.168335 0
0.271561 48.137 0.658203 2.00195 4.50391 1.73828 179946 0 -0.0464268 0.167725 1
0.739067 47.2631 0.541992 2.12695 4.66406 1.77539 178544 0 0.0745671 0.167114 0
27.3534 -9.10437 -0.147949 0.830566 0.867188 1.76758 96259 0 -1.51414 0.166748 0
22.0195 57.4234 0.719727 0.855469 0.835938 1.81445 193586 0 0.330375 0.166138 1
37.3997 9.33344 0.814453 0.833496 0.908691 1.73438 123434 0 1.57223 0.165649 0
-71.8192 -7.25867 0.532715 1.85547 4.07031 1.52441 98757 0 -1.54639 0.165405 0
52.8784 3.89407 0.134277 2.2832 5.16016 1.57617 115527 0 1.57104 0.165161 0
-70.5945 -7.5518 0.597168 1.89844 4.22266 1.56641 98293 0 -1.55735 0.165039 0
29.2859 6.83938 0.0325928 0.856445 1.71777 1.75879 119665 0 0.594686 0.165039 0
24.8916 35.0343 0.206177 0.812988 0.827637 1.57715 160835 0 -0.519827 0.163086 0
22.4388 64.1052 0.574707 0.842773 1.75 1.77051 203416 0 3.01994 0.162964 1
53.4222 11.0379 0.189331 0.835938 0.937012 1.77441 125824 0 1.46259 0.162109 0
22.3544 -8.25254 -0.252686 0.84668 0.872559 1.67383 97647 0 2.74837 0.161011 0
53.7438 11.643 0.220337 0.807617 0.888184 1.79492 126761 0 1.46923 0.161011 0
17.8909 71.6273 0.0889893 1.67969 3.72266 1.62207 214165 0 3.10507 0.161011 0
19.6011 11.9554 0.154663 0.826172 0.958984 1.67676 127123 0 1.50408 0.159912 0
30.6602 43.7642 0.304199 1.9248 4.33203 1.75 173489 0 3.10616 0.159912 0
23.8175 -43.6644 1.46582 0.898438 1.17578 1.58984 45704 0 -3.02846 0.159668 0
68.2403 -5.59953 -0.108643 0.84375 1.96973 1.4248 101535 0 -3.1354 0.159668 0
67.395 3.14516 0.136353 1.79395 4.05859 1.59473 114168 0 1.66529 0.159668 0
-63.1856 5.94625 0.697266 1.36914 3.25391 1.48047 117972 0 1.23188 0.159668 0
67.6963 3.8993 0.289062 2.23438 4.80469 1.8291 115573 0 1.59313 0.159424 0
-63.5147 5.94437 0.642578 1.10742 2.58398 1.46777 117971 0 0.901124 0.159424 0
0.163597 59.0167 0.84082 2.10742 4.69531 1.83594 195858 0 0.00813591 0.158936 1
22.3381 -8.41687 -0.246338 0.816406 0.884277 1.63672 97179 0 2.67984 0.158691 0
-0.481636 13.5855 0.759766 0.891602 1.96387 1.6582 129400 0 -1.55547 0.157593 0
-0.204689 13.9386 0.724609 0.843262 2.12695 1.55859 129869 0 -1.37873 0.157593 0
-66.0887 -7.21039 0.691406 1.94922 4.30859 1.59766 98775 0 -1.58682 0.157349 0
49.1575 16.4889 0.291016 0.949219 1.14355 1.68945 133767 0 -1.62835 0.156616 0
-70.8922 -7.23399 0.523926 1.87598 4.23047 1.52441 98760 0 -1.56573 0.156006 0
39.4659 11.1544 0.135742 0.86084 0.896484 1.70312 125781 0 1.55264 0.155762 0
-12.2383 -0.0395279 0.81543 2.07227 4.81641 1.56152 109239 0 -1.59682 0.155518 0
-62.4967 -9.10938 0.666504 0.808105 0.790527 1.73535 95978 0 -2.51737 0.155151 0
24.6766 37.2722 0.113525 2.09961 4.89453 1.72656 164111 0 3.13346 0.154663 0
26.1402 -8.16257 -0.0327148 0.875 0.925293 1.78125 97659 0 1.99095 0.154175 0
-49.9027 -7.61551 0.913086 0.894043 1.01855 1.78711 98358 0 -1.48692 0.154175 0
46.6637 -8.36516 0.657227 0.82959 0.817383 1.81152 97255 0 1.4767 0.153809 0
-52.2528 10.4991 0.832031 0.874512 0.995605 1.74219 124558 0 1.60303 0.153809 0
39.428 16.702 0.144775 0.794434 0.816406 1.62695 134205 0 2.68781 0.153809 0
0.852501 30.9294 0.630859 2.0918 4.59766 1.70215 154676 0 -0.0880217 0.153564 0
10.0711 -11.5728 0.477539 0.900879 1.00879 1.7998 92461 0 0.382763 0.15332 0
24.4385 -14.2113 -0.879883 0.845703 0.947754 1.70117 88762 0 -2.58135 0.152466 0
34.3616 32.1165 0.48584 0.722656 0.718262 1.76562 156653 0 -3.03404 0.152466 0
0.527817 34.0446 0.691406 2.0918 4.64844 1.74219 159355 0 3.12102 0.151978 0
62.3494 14.9169 0.637695 0.84375 1.93652 1.82227 131468 0 1.46921 0.151855 0
-62.7883 10.9912 0.844727 0.827148 1.69727 1.70605 125461 0 1.66908 0.151489 0
39.3172 16.7086 0.145264 0.810059 0.810059 1.6709 134204 0 2.6601 0.151489 0
0.788986 57.1384 0.724609 2.10547 4.6875 1.83496 193052 0 -0.0360117 0.150513 1
0.587189 31.5722 0.617188 2.0332 4.49219 1.68652 155611 0 -0.115268 0.150269 0
27.5734 -10.4037 -0.183105 0.84082 0.895996 1.6748 94388 0 2.01544 0.149536 0
-62.3212 -9.12351 0.63916 0.802734 0.803223 1.7207 95979 0 -2.62759 0.149536 0
27.1072 -9.13242 -0.130859 0.791992 0.802734 1.69141 96258 0 -1.5715 0.148804 0
-64.203 -12.2467 0.78418 0.731445 0.745117 1.64746 91293 0 -1.57407 0.148438 0
38.6391 35.7553 0.0805664 0.82666 0.878418 1.68652 161814 0 1.45879 0.148438 0
8.39375 -2.75859 0.626953 0.818359 0.92334 1.72559 105560 0 1.74649 0.148071 0
69.9747 -5.81094 -0.108887 2.0293 4.39844 1.67676 101072 0 1.54014 0.147583 0
-70.5098 6.89625 0.642578 2.00977 4.49219 1.59082 119353 0 3.083 0.147461 0
-65.7108 -9.9875 0.844727 0.807129 0.834961 1.74414 94564 0 -1.48895 0.147095 0
1.4318 73.2009 0.515625 0.831055 0.875488 1.71094 216454 0 0.0937546 0.146606 0
-65.4977 -9.97844 0.856445 0.821777 0.855469 1.73828 94565 0 -1.41481 0.14624 0
0.516876 59.3408 0.849609 2.16797 4.90625 1.88379 196327 0 0.0244758 0.144531 0
-48.6328 -10.802 0.70459 0.799805 0.837402 1.73438 93681 0 -1.57912 0.144287 0
-72.1525 -4.54469 0.574707 2.10352 4.60938 1.57324 102500 0 -1.6055 0.144287 0
-41.4398 -12.6626 0.740234 0.784668 0.766602 1.625 90896 0 3.03673 0.143555 0
-48.6359 -10.9498 0.696777 0.817383 0.865234 1.72656 93213 0 -1.56194 0.143555 0
0.494377 49.7656 0.632812 1.99902 4.35938 1.70117 182287 0 3.12184 0.143433 0
9.65172 50.8019 0.378418 0.835938 1.22461 1.70898 183720 0 0.723987 0.143188 1
-0.505234 -16.8009 0.985352 2.06836 4.61328 1.80859 84940 0 2.86234 0.143066 0
-59.1379 -12.0371 0.826172 0.738281 0.758301 1.7832 91777 0 -1.44781 0.142822 0
-23.5875 30.8453 -0.19751 0.826172 1.22949 1.7334 154600 0 -0.910317 0.141968 0
26.0164 -8.4139 -0.251709 0.795898 0.857422 1.74023 97191 0 1.84715 0.140991 0
-35.1147 12.585 1.11914 0.825684 1.93164 1.75586 127888 0 0.729048 0.140991 0
-14.5416 39.8594 0.850586 2.07422 4.57031 1.72656 167732 0 2.74665 0.140991 2
46.7676 -8.27172 0.605469 0.814941 0.884277 1.79883 97724 0 -1.6748 0.140869 0
-46.2681 10.0798 0.750977 0.816406 0.941406 1.73633 124109 0 1.56142 0.140869 0
-0.719063 14.2032 0.748047 0.89502 2.01758 1.63672 130335 0 -2.0188 0.140381 0
-23.7717 30.8243 -0.210693 0.803711 1.01758 1.73145 154599 0 -3.10267 0.139893 0
-53.3111 -12.7225 0.8125 0.802734 0.823242 1.68652 90859 0 -1.50329 0.139648 0
-0.249763 13.2839 0.71875 0.858398 1.08105 1.74902 128933 0 -1.6245 0.139404 0
-73.4258 -7.52531 0.750977 2.09961 4.625 1.72754 98284 0 1.55319 0.138794 0
-44.9178 5.97 1.41113 2.94141 8.50781 3.15039 118029 0 1.5923 0.13855 0
0.185158 57.1523 0.769531 2.10352 4.67578 1.82227 193050 0 -0.0893469 0.137695 1
-59.545 -12.3363 0.829102 0.776855 0.784668 1.79102 91307 0 1.56 0.137329 0
-35.1527 12.0991 1.21777 0.850098 1.375 1.79395 126952 0 0.0813898 0.136963 0
-4.63953 12.2906 0.788086 0.832031 0.885742 1.68848 127515 0 -1.62247 0.136963 0
26.1083 35.9642 0.286865 0.800781 0.791016 1.73535 162243 0 1.61193 0.136353 0
68.2757 12.0509 -0.0644531 0.756836 0.856934 1.7168 127275 0 1.49907 0.135498 0
34.7727 30.2978 0.0854492 0.742676 0.709473 1.45605 153846 0 0.0329854 0.13501 0
-23.4361 -0.235077 0.991211 2.19336 5.01562 1.70898 109204 0 -1.55833 0.134644 0
-59.6072 -11.9344 0.81543 0.797363 0.769043 1.80371 91775 0 1.47479 0.134277 0
-48.2997 -10.8136 0.771484 0.803711 0.84668 1.71582 93683 0 -1.63285 0.134277 0
68.2673 12.2852 -0.180664 0.734375 0.791016 1.66992 127743 0 1.47708 0.133667 0
-0.414688 58.7216 0.833984 2.13281 4.73047 1.80664 195388 0 -0.137524 0.132935 1
1.41164 73.3411 0.533203 0.869629 0.958496 1.73145 216922 0 0.112513 0.132935 0
27.078 -9.39313 -0.109863 0.834473 0.852051 1.65723 95790 0 -1.51806 0.131836 0
-0.764687 13.6281 0.782227 0.866699 1.62988 1.65527 129399 0 -1.50085 0.131714 0
68.0058 12.2738 0.13916 0.80127 0.89502 1.77734 127742 0 1.46638 0.131348 0
18.0584 56.2809 -0.00146484 1.60449 3.38281 1.42871 191702 0 3.12705 0.130859 2
-17.0597 67.0194 1.46387 2.18555 4.76953 1.77344 207504 0 -0.0489375 0.130615 0
39.2384 12.5373 0.301758 0.842773 0.898926 1.76562 128120 0 1.56605 0.130493 0
-63.7928 5.93641 0.655762 1.08008 2.44531 1.48047 117970 0 0.670958 0.130249 0
-1.37968 51.558 2.18164 0.839844 0.903809 1.79395 185089 0 0.922625 0.129639 0
-0.476402 66.0078 1.21875 1.14062 1.23926 2.03516 206152 0 -0.529788 0.12854 0
17.855 66.8169 -0.0541992 1.6709 3.61914 1.38086 207145 0 -3.09853 0.128174 0
24.5575 -10.1775 -0.0661621 0.86377 1.00098 1.74219 94846 0 -1.65413 0.127686 0
41.7523 36.0509 0.303955 0.911133 0.941895 1.74121 162292 0 1.21062 0.127197 1
-1.33172 66.0485 0.669434 0.849121 0.826172 1.72656 206149 0 -1.19104 0.126709 0
54.642 9.85656 0.0338135 0.847656 0.982422 1.65137 123956 0 -1.52706 0.126099 0
53.8089 10.8481 0.145874 0.895508 0.984863 1.78027 125358 0 1.52337 0.125732 0
24.0998 -43.3236 1.54492 0.919434 1.55762 1.60156 46173 0 0.485643 0.125488 0
53.7303 12.0959 0.224121 0.853516 0.946289 1.80859 127229 0 1.56515 0.124878 0
25.1048 35.2817 0.247192 0.827637 0.857422 1.66699 161304 0 -1.60257 0.124573 0
-66.4017 -7.45187 0.768555 2.05469 4.49609 1.63281 98306 0 -1.58962 0.124268 0
25.0833 34.8141 0.245239 0.822754 0.84375 1.43945 160368 0 -1.53921 0.124268 0
-20.3605 12.5946 0.728516 0.65332 0.637207 1.36523 127934 0 1.00309 0.124023 0
1.10149 28.3125 0.557617 1.9873 4.42969 1.56641 150933 0 -0.0371549 0.12384 0
-0.756248 -17.0873 1.00488 2.13281 4.79688 1.8418 84471 0 2.86779 0.123718 0
-71.8454 -6.91852 0.522461 1.87207 4.11719 1.54004 99225 0 -1.54652 0.123718 0
-70.5627 -6.91328 0.550781 1.87402 4.22266 1.52441 99229 0 -1.58404 0.123718 0
34.9735 30.4535 0.113281 0.709473 0.674805 1.37207 154315 0 -0.279231 0.123718 0
-46.6398 10.6769 0.783203 0.84082 0.960449 1.72754 125044 0 1.60623 0.123413 0
42.0536 46.5528 -0.116211 0.840332 0.887207 1.74414 177737 0 -2.02187 0.123413 0
0.756248 49.4434 0.613281 2.0625 4.50781 1.74414 181820 0 -3.1152 0.123413 1
-45.5903 10.3252 0.817383 0.840332 0.941895 1.73926 124579 0 1.78832 0.122864 0
19.1559 11.9084 0.182373 0.812988 0.897949 1.63867 127121 0 1.5719 0.122864 0
62.8327 14.6627 0.633789 0.85498 2.00781 1.8125 131002 0 1.65849 0.122864 0
0.587502 42.6731 0.621582 2.18555 4.77734 1.90527 171991 0 0.0310883 0.122192 0
-62.2858 -9.34438 0.694336 0.817383 0.827637 1.71973 95511 0 3.0691 0.122131 0
37.672 16.8587 0.833984 0.859375 0.940918 1.83008 134199 0 2.3619 0.122131 0
48.8939 17.1453 0.227173 1.87695 3.87891 1.54785 134702 0 -1.54751 0.122131 0
35.7059 43.8028 0.339844 1.69824 3.55273 1.74121 173505 0 -3.10375 0.121887 0
-73.1452 -7.24203 0.71875 1.96484 4.28516 1.65723 98753 0 -1.43461 0.121765 0
52.4109 38.1162 1.125 0.861328 0.992676 1.74902 165601 0 1.55621 0.121704 0
0.477966 37.2747 0.675781 2.08398 4.53906 1.65527 164035 0 0.022236 0.12146 0
-64.5076 -6.66156 0.557617 2.04883 4.61328 1.60156 99716 0 -1.42357 0.121338 0
-50.635 -8.59195 0.771484 0.808594 0.883301 1.75977 96951 0 -1.50801 0.120789 0
17.7661 62.2431 -0.20166 1.95215 4.27344 1.51758 200593 0 3.0876 0.120789 0
27.5734 -10.6472 -0.197754 0.810059 0.891113 1.67285 93920 0 1.81905 0.120728 0
35.8122 38.2547 0.250244 0.907227 1.23145 1.84961 165549 0 -0.446012 0.120728 0
19.7162 59.9241 0.65918 0.873535 0.817871 1.91699 197323 0 -0.289905 0.120728 0
39.3153 16.5881 0.102905 0.768555 0.772949 1.59375 133736 0 2.65148 0.1203 0
-1.24906 51.4384 2.16992 0.855957 0.970703 1.8623 184622 0 1.0952 0.1203 0
9.46016 46.5933 -0.207031 0.944824 1.62207 1.85449 177635 0 1.88567 0.119812 0
30.7793 47.7241 1.44727 0.819336 0.800781 1.8418 179574 0 2.6938 0.119629 1
-73.1204 -7.77953 0.75 2.01172 4.42969 1.65234 97817 0 -1.54564 0.119507 0
62.3431 15.1391 0.671875 0.844727 2.01758 1.82129 131936 0 1.63303 0.119385 0
-45.3934 9.83969 0.801758 0.817383 0.919922 1.74609 123644 0 1.55706 0.11908 0
-70.2712 6.5936 0.643555 1.8125 3.89453 1.5166 118886 0 -3.09374 0.118347 0
22.2263 65.9564 0.11853 0.848633 0.845703 1.63867 206223 0 -0.372281 0.118347 0
43.3894 43.599 0.513184 0.837402 0.994629 1.74316 173529 0 0.943715 0.118225 0
-23.7969 30.6519 -0.231201 0.806641 1.19531 1.71582 154131 0 3.10143 0.117798 0
-16.8026 65.8166 1.33594 2.26172 5.1875 1.84961 205633 0 -0.111553 0.117798 0
0.880623 27.0578 0.544922 1.89648 4.29297 1.56543 149060 0 -0.083628 0.117126 0
34.3466 30.3089 0.0875244 0.695801 0.686523 1.47266 153845 0 -0.125353 0.116943 0
23.9566 36.9504 0.102417 2.08008 4.84766 1.63574 163640 0 2.98124 0.116943 0
-58.2192 -11.6395 0.8125 0.770508 0.812012 1.73926 92248 0 -1.65433 0.116821 0
17.9498 10.1183 0.328613 0.897461 1 1.68359 124310 0 1.30745 0.116821 0
49.6413 19.562 0.227539 2.09766 4.83594 1.59375 138449 0 -1.61372 0.116821 0
-45.9408 29.9203 0.420898 1.97754 4.44922 1.61816 153126 0 1.5772 0.116821 0
9.84782 35.6267 0.761719 0.820312 0.89502 1.73633 161724 0 -0.95724 0.116577 0
19.4713 12.373 0.247559 0.837402 0.932129 1.66699 127590 0 1.42824 0.116394 0
24.1372 -43.0522 1.46875 0.86377 1.12305 1.62598 46641 0 -2.97953 0.11615 0
-50.472 -8.57867 0.787109 0.800781 0.965332 1.75293 96952 0 -1.53606 0.11615 0
34.7609 34.007 0.0953369 0.842285 0.876465 1.4668 159462 0 1.73754 0.11615 0
23.9441 36.6633 0.116699 2.0293 4.69531 1.61719 163172 0 1.78395 0.11615 0
24.462 38.1848 0.203857 2.06445 4.66016 1.67871 165514 0 -3.13937 0.11615 0
46.8524 45.3006 1.05469 2.28516 5.00391 1.9502 175880 0 -1.5973 0.11615 0
-57.763 6.11789 0.698242 2.26367 4.96484 1.64551 118457 0 1.56609 0.116028 0
-0.521721 13.0959 0.736816 0.85498 0.968262 1.75293 128464 0 -1.64254 0.115723 0
1.05804 48.7521 0.671875 2.10742 4.73828 1.78516 180885 0 0.0936543 0.115723 0
-24.1303 -12.7221 1.24316 0.762695 0.73291 1.75684 90950 0 -1.29308 0.115295 0
27.6681 -9.05625 -0.0234375 0.868164 0.952148 1.79492 96260 0 -1.52696 0.115295 0
-72.0839 5.0375 0.672363 2.25781 5.20312 1.70996 116540 0 1.53352 0.115295 0
-18.7209 11.6751 0.769531 0.78418 0.858887 1.61328 126535 0 1.51323 0.115295 0
-1.09469 -42.3908 0.155762 2.08789 4.59766 1.76465 47498 0 3.00872 0.114929 0
58.7636 3.62961 0.184082 1.76562 3.70898 1.65234 115077 0 1.57766 0.11438 0
-45.0777 9.2011 0.795898 0.86377 0.956543 1.76074 122709 0 1.58883 0.11438 0
-0.212654 14.1873 0.713867 0.869141 2.30469 1.56836 130337 0 -1.63828 0.11438 0
-14.2781 40.108 0.902344 2.19531 4.91797 1.79688 168201 0 2.88107 0.114197 0
1.09946 30.2675 0.615234 2.08398 4.59766 1.64551 153741 0 -0.0908796 0.11377 0
-18.9019 11.2512 0.822266 0.979004 1.06934 1.75781 126066 0 -2.68663 0.113403 0
5.89016 -2.99281 0.856445 0.816406 1.39648 1.82031 105084 0 1.38606 0.11322 0
48.8567 -12.3945 1.28418 0.782715 0.87793 1.6709 91646 0 1.65064 0.113098 0
-59.7041 -11.1305 0.789062 0.755859 0.738281 1.71777 93179 0 1.56767 0.113098 0
59.4247 3.87547 0.146973 1.95898 4.01953 1.53223 115547 0 1.54572 0.113098 0
24.715 36.3383 0.166626 2.03906 4.10938 1.6543 162707 0 -0.0916404 0.113098 0
-63.48 -9.06484 0.820312 0.757812 0.71582 1.74023 95975 0 -2.55522 0.112549 0
-31.43 10.613 0.686523 0.92627 0.991211 1.72461 125091 0 1.59028 0.112549 0
-71.4678 -9.51203 1.05078 0.810547 0.858887 1.73926 95482 0 -1.78152 0.112305 0
-70.1525 2.17516 0.865234 2.25195 5.26172 1.81934 112334 0 1.5195 0.112183 0
-71.5323 6.16508 0.657227 2.13867 4.76562 1.63086 118414 0 1.61667 0.112 0
-62.5059 -9.33719 0.719727 0.818359 0.827637 1.75 95510 0 -2.46794 0.111755 0
-0.156403 59.3174 0.807617 2.22852 5.12891 1.9248 196325 0 -0.0680102 0.111572 0
-20.9237 12.8441 1.00879 0.734375 0.70166 1.73145 128400 0 0.388002 0.11145 0
31.5923 42.3423 0.22229 0.730469 0.744141 1.64062 171620 0 -2.98844 0.11145 0
43.4016 43.433 0.458984 0.848145 1.10547 1.77441 173061 0 0.773578 0.111206 0
58.3305 11.3919 -0.0356445 0.907715 0.976074 1.66406 126308 0 2.56904 0.111084 0
-0.820312 66.0287 0.941406 1.05859 1.19238 1.92773 206151 0 -0.652787 0.111084 0
-0.0867157 57.477 0.776367 2.17578 4.85938 1.82812 193517 0 -0.0997182 0.11084 0
-16.561 66.0972 1.41992 2.02539 4.55859 1.73828 206102 0 -0.0473141 0.11084 0
-3.32953 -15.192 0.512695 1.97266 4.38672 1.56934 87271 0 1.60902 0.110718 0
22.0206 65.7981 0.116821 0.812012 0.80127 1.63086 205754 0 -0.0151504 0.110474 0
54.1464 12.0073 0.200195 0.809082 0.912109 1.72461 127231 0 1.5418 0.110291 0
58.1209 11.3875 -0.00366211 0.91748 0.983887 1.67969 126307 0 -1.69074 0.110046 0
0.848907 28.0086 0.544922 1.88867 4.19922 1.55176 150464 0 -0.0506847 0.110046 0
49.3483 16.505 0.274414 1.02344 1.35742 1.72461 133768 0 -1.61233 0.109924 0
41.7407 36.2704 0.274414 0.92334 0.973633 1.72363 162760 0 1.19083 0.109497 0
67.9755 12.0537 0.332031 0.830566 0.937988 1.82422 127274 0 1.48798 0.109314 0
54.1458 12.5444 0.250244 0.80957 0.87793 1.6543 128167 0 1.48739 0.109192 0
27.3114 -9.37218 -0.101807 0.84668 0.876465 1.64844 95791 0 -1.50044 0.108948 0
29.2869 6.63125 0.0310059 0.924805 1.86426 1.76367 119197 0 1.46919 0.108948 0
-1.07468 -14.8225 0.800781 0.777344 0.793945 1.7959 87746 0 2.01249 0.108765 0
1.11938 26.4416 0.583496 1.96973 4.42578 1.59277 148125 0 -0.077273 0.108765 0
1.66133 58.067 0.800781 2.25 5.09766 1.91797 194459 0 -0.185475 0.108765 0
25.8475 -8.42281 -0.154053 0.800781 0.859375 1.74316 97190 0 2.31167 0.108521 0
67.9673 3.15375 0.183594 2.05664 4.70312 1.70703 114170 0 1.70058 0.108521 0
-65.7428 -6.95578 0.647461 1.94238 4.26953 1.59863 99244 0 -1.58949 0.108398 0
39.2864 11.1552 0.160889 0.836914 0.897949 1.70312 125780 0 1.54404 0.108398 0
