-11.4139 6.29469 0.601562 1.99805 4.57812 1.48535 118602 0 1.56263 0.934082 0
26.9856 13.9753 0.225342 2.11719 4.56641 1.67383 129954 0 0.926614 0.913574 0
30.3227 -6.27219 0.158936 2.09961 5.05469 1.88477 100480 0 -1.58229 0.90918 0
-17.3836 6.35359 0.724121 2.0293 4.59766 1.7627 118583 0 1.55006 0.90918 0
-34.0234 -6.93922 0.557617 2.03516 4.625 1.48535 99343 0 -1.58803 0.908691 0
17.6781 33.4406 0.0335693 2.05664 4.67969 1.5166 158473 0 3.07249 0.905273 0
-26.6816 -6.67664 0.558594 1.99414 4.4375 1.4873 99834 0 -1.62247 0.900391 0
42.935 26.3626 0.333496 2.23633 5.39453 1.92871 148256 0 1.49246 0.898438 0
37.6034 -6.15781 0.0314941 1.97266 4.49609 1.53223 100503 0 -1.55445 0.885742 0
29.3344 3.91821 0.860352 2.62109 6.04297 2.98633 115453 0 1.54147 0.885742 0
3.27445 16.1428 0.728516 2.20703 4.79297 1.80859 133156 0 -0.0284733 0.885254 0
0.273285 20.7023 0.651367 2.20508 4.85938 1.89355 139698 0 0.0166325 0.881348 0
32.4137 44.0009 0.12207 2 4.42969 1.56055 173963 0 3.12065 0.878418 0
17.7194 28.1003 0.17749 2.00195 4.28906 1.75293 150517 0 3.11711 0.877441 0
-22.9502 6.30563 0.583008 1.82324 4.00781 1.54883 118566 0 1.54533 0.873535 2
52.6664 11.0226 0.350342 0.799805 0.910156 1.77246 125822 0 1.48055 0.873047 0
52.9816 11.6608 0.353516 0.791016 0.891602 1.76465 126759 0 1.56587 0.873047 0
12.0792 11.9824 0.550781 0.821777 0.97168 1.66895 127099 0 1.5524 0.870117 0
-37.8716 5.99563 0.518555 1.98438 4.65234 1.6416 118051 0 1.51233 0.866211 0
6.69032 16.375 0.666504 2.09375 4.69531 1.72461 133634 0 0.00342464 0.864746 0
48.5253 19.3781 0.285645 1.91504 4.26562 1.56934 137977 0 -1.59034 0.863281 0
16.8816 3.24359 0.54541 2.09375 4.44922 1.87988 114478 0 1.55675 0.861816 0
48.4983 17.1492 0.413574 2.03125 4.85938 1.77734 134701 0 -1.56858 0.858398 0
24.1387 17.4142 0.243164 2.07617 4.51172 1.69238 135093 0 0.766818 0.858398 0
39.5062 41.3655 0.241089 1.93066 4.10156 1.67188 170241 0 -1.8235 0.845703 0
55.5695 -5.82953 0.186768 1.90723 4.21875 1.62695 101027 0 -1.56705 0.844727 0
17.1861 56.7952 -0.147217 1.94727 4.46484 1.55371 192635 0 -3.1015 0.843262 0
-46.3069 -6.95156 0.591797 2.00195 4.36328 1.61133 99305 0 -1.57701 0.832031 0
-49.168 -10.7928 0.668457 0.744629 0.788574 1.67871 93680 0 -1.6176 0.831055 0
43.0619 -6.15 0.195923 2.01562 4.39062 1.77734 100520 0 -1.62478 0.831055 0
27.673 -9.78086 0.158447 0.894531 0.98291 1.77246 95324 0 -1.56283 0.82959 0
-60.358 -11.5759 0.685547 0.760742 0.762207 1.75586 92241 0 1.37133 0.827148 0
-19.4421 10.9737 0.775391 0.896973 0.889648 1.75098 125597 0 -1.51948 0.825195 0
17.4795 49.4695 0.00219727 1.89648 4.00781 1.5957 181872 0 3.05223 0.821777 1
-70.882 2.35633 0.636719 2.01758 4.49219 1.54297 112800 0 1.59763 0.810547 0
-49.3937 -10.0807 0.588379 0.771484 0.794434 1.62793 94615 0 -1.62066 0.807129 0
39.8249 3.57539 0.279541 2.11328 4.73438 1.5332 115018 0 1.57629 0.804199 0
38.2892 12.245 0.407715 0.855957 0.87793 1.78711 127649 0 1.46205 0.801758 0
-60.2439 -12.3634 0.666016 0.764648 0.772461 1.75684 91305 0 1.58897 0.799316 0
48.4033 14.5622 0.424316 2.10547 5.01953 1.80957 130957 0 -1.61514 0.799316 0
21.8885 6.02985 0.393555 2.36523 5.46484 2.06445 118238 0 1.5498 0.794922 0
29.8941 44.0497 0.285156 1.97461 4.23828 1.77441 173955 0 3.11983 0.794434 0
-40.5708 -7.09812 0.504883 2.02148 4.49609 1.50977 98855 0 -1.63762 0.791504 0
18.3809 11.725 0.223389 0.707031 0.775879 1.5918 126651 0 1.63788 0.78418 0
-34.02 -3.5489 0.639648 2.08984 4.55859 1.5166 104023 0 -1.57096 0.782715 0
-32.2205 10.3809 0.591797 0.835938 0.948242 1.70605 124621 0 1.52594 0.780273 0
-46.3046 9.19907 0.686523 0.868164 0.964355 1.78027 122705 0 1.61744 0.773438 0
3.30242 23.2459 0.483643 2.05664 4.46094 1.57812 143452 0 -0.0219263 0.773438 0
50.9238 -9.77594 0.196289 0.814941 0.90918 1.6543 95397 0 1.50397 0.768066 0
-44.6284 5.85821 1.32812 2.89648 7.23828 3.17578 118030 0 1.58153 0.766602 0
51.6491 3.74469 0.342773 1.98145 4.40234 1.5 115055 0 1.56462 0.763672 0
14.9453 9.64789 0.385742 0.757812 0.935547 1.57812 123832 0 1.56248 0.761719 0
-59.1583 -11.6516 0.707031 0.823242 0.846191 1.74707 92245 0 -1.67521 0.76123 0
-48.1923 -3.66187 0.538086 2.0332 4.40234 1.51758 103979 0 -1.58338 0.76123 0
38.472 11.4341 0.209717 0.787598 0.818359 1.62988 126246 0 1.47092 0.760742 0
16.744 10.1128 0.405029 0.853027 0.947266 1.68066 124306 0 -1.27593 0.757812 0
48.4306 26.7806 0.374512 2.00391 4.50781 1.66211 148741 0 -1.64903 0.751953 0
-58.4388 5.82855 0.490967 2.01172 4.39844 1.57129 117987 0 1.56451 0.73877 0
34.9501 44.3203 0.388184 1.98926 4.4375 1.84863 174439 0 -3.13938 0.737793 0
-47.8679 9.84063 0.612793 0.8125 0.943848 1.70508 123636 0 1.61419 0.73291 0
18.7578 12.5475 0.185791 0.77832 0.873047 1.60254 128056 0 -0.0235961 0.732422 0
52.8438 12.3991 0.39209 0.850586 0.950684 1.77441 127695 0 1.6094 0.721191 0
-64.9049 -11.7633 0.647949 0.751953 0.753906 1.67188 92227 0 -1.54193 0.716309 0
-23.1956 -0.266014 0.90332 2.29297 4.82031 1.70215 109205 0 -1.57107 0.714355 0
-0.166168 42.1097 0.685547 2.11719 4.70312 1.86426 171053 0 0.0470684 0.708008 0
-46.5758 9.9686 0.678711 0.79834 0.932617 1.72949 124108 0 1.53544 0.696777 0
17.0218 72.1491 -0.0942383 2.0332 4.39453 1.69141 215099 0 3.10945 0.694824 0
49.067 24.2759 0.222778 1.93652 4.34375 1.60645 144999 0 -1.53146 0.66748 0
18.6488 10.8491 0.247192 0.76709 0.850098 1.59473 125248 0 1.64537 0.660645 0
40.4169 36.2657 0.374756 0.773926 0.76416 1.66113 162756 0 3.11484 0.648926 0
-51.3782 5.87719 0.785156 2.30469 5.34766 2.10938 118009 0 1.56251 0.643066 0
-11.6553 0.0115662 0.779297 2.08203 4.53516 1.53125 109709 0 -1.60003 0.64209 0
-47.891 10.5462 0.629395 0.813965 0.911133 1.70312 124572 0 1.63899 0.640625 0
16.5519 10.2962 0.387207 0.78125 0.860352 1.58301 124773 0 -0.995898 0.637695 0
16.5825 10.1861 0.408936 0.827637 0.927734 1.66406 124305 0 -1.64495 0.636719 0
35.1416 38.2059 0.177246 0.84082 1.58594 1.77539 165547 0 -0.338939 0.634277 0
54.4935 9.80125 0.288086 0.986816 1.11621 1.78516 123956 0 -1.58487 0.629883 0
16.0411 11.1605 0.366699 0.876953 0.924316 1.63184 125708 0 1.30251 0.621582 0
69.6161 -5.54688 0.121704 1.96777 4.35938 1.48535 101539 0 -1.6132 0.621094 0
1.14547 -4.07695 1.71289 3.29883 13.0703 3.57031 103665 0 -1.7025 0.619629 0
17.0636 67.3983 -0.0737305 1.91113 4.26953 1.51367 208079 0 -3.1304 0.61084 0
59.0271 3.66742 0.302002 2.01953 4.54688 1.54785 115078 0 1.55434 0.609375 0
-66.3767 -9.54262 0.644043 0.811035 0.807617 1.81055 95498 0 -1.47335 0.605957 0
-53.0475 10.7495 0.737793 0.807617 0.890137 1.70312 125024 0 1.30964 0.597656 0
38.982 31.8581 0.204834 1.97461 4.62109 1.51953 156199 0 -0.0972532 0.595215 0
18.7455 12.4538 0.202515 0.756348 0.860352 1.60938 127588 0 0.493043 0.583984 0
-58.3109 -12.9344 0.714844 0.800293 0.834473 1.74316 90375 0 1.54522 0.568359 0
23.4554 36.6811 0.141357 1.99414 4.52734 1.54785 163171 0 3.07637 0.557129 0
-65.4225 -7.19344 0.438965 1.97363 4.44922 1.47461 98777 0 -1.54658 0.54541 0
35.2787 37.977 0.182129 0.83252 1.72266 1.79688 165080 0 -0.228128 0.541992 0
-51.1006 -7.72937 0.686523 0.875977 0.986328 1.78906 97886 0 1.94237 0.536621 0
24.8325 35.8909 0.293701 0.867188 0.818359 1.73145 162239 0 -1.69 0.52002 0
-0.202652 48.1602 0.710938 2.11328 4.6875 1.80859 179945 0 0.0050921 0.503906 0
-43.3097 -24.1306 1.00781 0.755371 0.778809 1.70801 74042 0 -2.3216 0.482666 0
-32.3836 10.3718 0.573242 0.853027 1.06055 1.69531 124620 0 1.58747 0.480957 0
-63.2737 10.9381 0.600586 0.78418 0.791992 1.68164 125460 0 1.07407 0.474854 0
-60.2491 -12.5216 0.657227 0.783691 0.787598 1.74902 90837 0 1.53867 0.473633 0
-63.2783 10.8153 0.636719 0.798828 0.822266 1.67188 124992 0 1.44271 0.472412 0
24.912 -34.0631 -1.31152 0.80957 0.905273 1.74219 59747 0 -3.13134 0.465332 0
61.8205 14.9383 0.78125 0.801758 1.80273 1.78223 131467 0 1.48926 0.462402 0
26.3762 -10.6322 -0.0734863 0.792969 0.875 1.47656 93916 0 1.6967 0.43335 0
40.2945 36.2692 0.381348 0.819824 0.812012 1.68555 162755 0 -3.0183 0.43335 0
-72.4587 -4.28203 0.45459 2.03906 4.52734 1.61426 102967 0 -1.57054 0.432373 0
16.6988 10.2868 0.389648 0.838867 0.90332 1.62598 124774 0 -1.24299 0.429932 0
18.3887 11.8784 0.233887 0.756348 0.839844 1.59961 127119 0 1.56588 0.429443 0
-48.0369 9.82625 0.635254 0.830566 0.96582 1.71289 123635 0 1.60463 0.428223 0
66.7438 3.73625 0.388184 2.06641 4.51953 1.69043 115102 0 1.56181 0.423828 0
-72.487 5.59961 0.523438 2.01758 4.40234 1.6748 117475 0 1.56314 0.419922 0
40.4172 36.1188 0.36499 0.817871 0.842773 1.66699 162288 0 -3.08462 0.419189 0
-66.3941 5.65343 0.401611 1.93848 4.39062 1.5459 117494 0 1.57419 0.415039 0
-58.3217 -12.7414 0.725586 0.82959 0.866211 1.7793 90843 0 1.44508 0.413818 0
-0.160782 73.7711 0.399414 2.14258 4.72266 1.74316 217385 0 -0.0232573 0.405762 0
52.7459 12.5131 0.418701 0.89502 0.960449 1.77637 128162 0 1.56751 0.403564 0
52.8284 11.0156 0.342285 0.803711 0.929688 1.77637 125823 0 1.50721 0.399414 0
26.3784 -10.4855 -0.0424805 0.78125 0.841797 1.39746 94384 0 1.90053 0.397461 0
-72.1873 -4.04164 0.412598 1.89746 4.15234 1.56641 103436 0 -1.51815 0.390137 0
-59.2762 -11.4703 0.663086 0.780273 0.801758 1.75977 92712 0 -1.61977 0.389648 2
-58.1711 -12.7362 0.717773 0.825195 0.864746 1.76758 90844 0 1.51828 0.384277 2
-63.417 10.7984 0.649414 0.833496 0.853027 1.69727 124991 0 1.24326 0.380615 0
-60.4991 -11.4566 0.671875 0.737305 0.728516 1.71777 92708 0 0.0921349 0.376709 0
-63.4003 10.93 0.641602 0.804688 0.83252 1.69531 125459 0 0.768713 0.366699 0
12.2597 -20.5469 0.574219 0.858887 0.768555 1.69922 79364 0 0.0454346 0.358398 0
36.6997 9.34004 0.882812 0.776855 0.815918 1.68945 123432 0 1.50301 0.358398 0
-53.0341 10.9205 0.745117 0.830566 0.90625 1.71582 125492 0 0.761849 0.357178 0
16.8016 9.87453 0.403564 0.806152 0.90625 1.6875 123838 0 -0.400174 0.355713 0
-72.1375 -7.55351 0.414062 1.96875 4.50781 1.63672 98288 0 -1.57787 0.347168 0
-48.0356 10.5212 0.649902 0.824219 0.936035 1.70508 124571 0 1.6135 0.339844 0
18.5428 10.9133 0.277832 0.748047 0.818848 1.5791 125715 0 1.60113 0.337158 0
-65.168 -7.45656 0.422363 1.7998 3.87891 1.42285 98310 0 -1.5777 0.334961 0
58.4269 47.8647 0.303711 0.825684 0.864746 1.74707 179660 0 0.0996074 0.331055 0
-46.4873 9.35969 0.674805 0.857422 0.96582 1.77148 123172 0 1.56166 0.330811 0
-60.4866 -11.5878 0.68457 0.775391 0.769531 1.75391 92240 0 1.54311 0.330566 0
-60.3014 -12.0412 0.674805 0.785156 0.78418 1.80469 91773 0 1.5244 0.330322 0
-15.5577 -14.8331 0.1604 1.94531 4.36328 1.47852 87701 0 1.44766 0.326904 0
52.6686 10.8594 0.361572 0.880371 0.969238 1.7793 125354 0 1.52958 0.325195 0
18.2181 11.7191 0.236328 0.77002 0.828125 1.64941 126650 0 1.62113 0.318848 0
21.6738 -8.39594 0.0247803 0.816895 0.947754 1.66211 97177 0 3.01373 0.318604 0
27.6677 -9.94266 0.144775 0.868652 0.950195 1.75977 94856 0 -1.57656 0.315918 0
-19.5628 10.8337 0.739258 0.813965 0.804688 1.7002 125128 0 -1.55945 0.315918 0
61.8379 15.0973 0.795898 0.822754 1.91699 1.80469 131935 0 1.40805 0.303955 0
18.8939 12.5562 0.216675 0.829102 0.917969 1.65137 128057 0 -0.233959 0.303467 0
28.3341 6.565 0.0327148 1.91309 4.33594 1.48535 119194 0 1.47216 0.300781 0
47.9506 26.7137 0.391602 1.71582 3.71484 1.60254 148739 0 -1.65649 0.299805 0
-66.207 -9.51367 0.672852 0.826172 0.858887 1.80859 95499 0 1.79061 0.29834 0
-47.6079 9.81438 0.613281 0.836426 0.946777 1.72461 123637 0 1.58373 0.297119 0
67.0036 -5.5775 0.132446 0.813965 1.93848 1.38184 101531 0 -2.86994 0.296631 0
-60.1229 -11.6437 0.693359 0.745117 0.770508 1.76074 92242 0 -1.65514 0.295898 0
-43.3231 -23.9506 1.01953 0.792969 0.912109 1.74121 74510 0 -2.68024 0.29248 0
58.4775 3.45406 0.318848 1.66113 3.62891 1.49902 114608 0 1.59067 0.289551 0
-72.7481 5.86031 0.55957 2.22266 4.98047 1.79492 117942 0 1.55845 0.289551 0
53.133 11.6753 0.350586 0.863281 0.942871 1.75488 126760 0 1.63632 0.288086 0
-48.0494 9.98801 0.641602 0.850586 0.987305 1.71973 124103 0 1.60302 0.285889 0
-43.1723 -24.1419 1.00488 0.779297 0.806641 1.71973 74043 0 -2.37415 0.281494 0
-72.2134 5.86063 0.548828 1.93652 4.1875 1.61816 117944 0 1.63593 0.281494 0
-49.3994 -9.88484 0.584473 0.834473 0.866699 1.65625 95083 0 -1.60072 0.280762 0
38.3716 11.5744 0.277588 0.810059 0.827637 1.66797 126713 0 1.52331 0.278564 0
-51.2533 -7.75406 0.693848 0.901367 1.28223 1.80859 97885 0 1.71858 0.27417 0
25.0484 -33.8702 -1.30762 0.830078 1.24609 1.75293 60216 0 -3.05384 0.273438 0
12.0642 11.8258 0.537109 0.856934 0.990723 1.6709 126631 0 1.54199 0.27124 0
17.1478 62.2562 -0.208252 2.0332 4.51953 1.59766 200591 0 3.13255 0.269775 0
54.5171 9.98804 0.263428 0.941895 1.60938 1.80664 124424 0 -1.62733 0.266602 0
-58.1712 -13.1684 0.735352 0.820312 0.848633 1.79883 89908 0 1.79926 0.265625 2
-39.1327 -9.37625 0.862305 0.814941 0.830566 1.77734 95583 0 1.54063 0.263672 0
-53.0361 10.5128 0.714844 0.873047 0.969727 1.72266 124556 0 1.47895 0.263184 0
-47.502 5.96484 1.46973 3.08008 12.3516 3.39648 118021 0 1.57066 0.261963 0
-72.4584 -3.75906 0.426758 2.01953 4.50781 1.59668 103903 0 -1.49958 0.259521 0
-63.5172 5.8736 0.552734 1.94727 4.17188 1.62305 117971 0 1.53613 0.257568 0
-58.3306 -13.1695 0.734863 0.828613 0.860352 1.78809 89907 0 2.11838 0.256592 0
21.8091 -8.26285 -0.0246582 0.809082 0.868164 1.63379 97646 0 3.13916 0.255127 0
-21.6773 12.6933 0.911133 0.738281 0.719238 1.74609 127930 0 1.40064 0.255127 0
27.6755 -9.56586 0.192993 0.947266 1.04785 1.74902 95792 0 -1.54887 0.254639 0
26.1944 -10.6436 -0.0690918 0.82373 0.952637 1.59473 93915 0 -1.67312 0.253906 0
45.8318 -8.27 0.774414 0.801758 0.805664 1.81738 97721 0 -1.71946 0.250977 0
-65.7167 -7.45875 0.45459 2.0957 4.79688 1.50293 98308 0 -1.59295 0.250732 0
69.2741 -16.4387 0.0625 2.01172 4.53516 1.5957 85626 0 -1.53661 0.25 0
-0.408752 48.7476 0.685547 2.19727 4.84766 1.83594 180880 0 -0.0750777 0.246338 1
-0.462029 58.4222 0.509766 1.95605 4.28516 1.5918 194920 0 3.08509 0.246338 1
25.0505 35.9287 0.304443 0.913086 0.897461 1.7793 162240 0 -1.71029 0.245361 0
-21.8219 12.7034 0.945312 0.767578 0.728027 1.78809 127929 0 1.04975 0.242188 0
24.8975 -33.8822 -1.33594 0.837402 1.23438 1.75488 60215 0 3.08742 0.240356 0
8.71582 50.8206 0.441406 0.814453 1.07812 1.6416 183717 0 -1.47239 0.23999 0
-47.6007 9.99707 0.636719 0.836426 0.958008 1.73242 124105 0 1.61545 0.239624 0
23.4762 35.7625 0.133057 1.97949 4.33984 1.58691 161767 0 -0.0395833 0.239624 0
-32.2211 10.2198 0.597656 0.872559 0.97168 1.71484 124153 0 1.49322 0.237549 0
-72.2142 5.34 0.540039 1.7959 3.86328 1.55762 117008 0 1.55695 0.237305 0
26.1858 -10.4797 -0.0275879 0.785156 0.888672 1.4707 94383 0 -1.47709 0.237183 0
50.8284 -9.94843 0.210815 0.819336 0.894531 1.63574 94928 0 1.47453 0.236816 0
25.0169 35.7844 0.2771 0.865723 0.844727 1.71289 161772 0 -1.69572 0.236816 0
69.9147 -5.80469 0.154541 2.23828 4.89453 1.54883 101072 0 -1.59082 0.23645 0
-66.2153 -9.665 0.699707 0.825195 0.854004 1.80176 95031 0 1.58609 0.236206 0
18.5861 11.7053 0.259277 0.731445 0.833008 1.63086 126652 0 1.82397 0.234253 0
-0.177887 58.712 0.502441 1.99609 4.33594 1.61816 195389 0 -3.13903 0.233765 0
-53.1648 10.9152 0.746094 0.837402 0.913086 1.71875 125491 0 0.633605 0.232178 0
-19.385 11.2698 0.671875 0.775391 0.790039 1.70605 126065 0 -1.5386 0.231567 0
-64.9841 -11.8781 0.649902 0.757812 0.765137 1.66211 91758 0 -1.56678 0.231201 0
17.4277 62.5391 0.0168457 2.05469 4.59766 1.68066 201060 0 3.12338 0.231201 0
-0.48484 55.8406 0.532715 2.01172 4.4375 1.5957 191176 0 -0.0107945 0.228394 1
18.4081 11.4719 0.270996 0.76416 0.807129 1.60352 126183 0 1.66712 0.226929 0
0.11422 74.3523 0.27002 2.36328 5.70312 1.85742 218322 0 0.119354 0.22522 0
68.9995 -16.1943 0.0185547 1.83496 4.08203 1.53027 86093 0 -1.58383 0.224609 0
27.5056 -9.7782 0.18335 0.937012 1.0127 1.78516 95323 0 -1.58102 0.223999 0
-71.5682 -7.78437 0.502441 1.98535 4.47266 1.66797 97822 0 -1.5404 0.223511 0
67.2973 3.93352 0.431152 2.3125 5.32812 1.80566 115572 0 1.53449 0.223389 0
24.8834 -34.2948 -1.31738 0.860352 1.44629 1.77246 59279 0 1.94513 0.221313 0
-0.385002 47.573 0.708984 2.11523 4.59375 1.8418 179008 0 0.0377501 0.219971 0
52.97 11.4891 0.335449 0.817383 0.922363 1.77051 126291 0 1.48882 0.219116 0
-46.793 9.8436 0.65625 0.863281 1.26465 1.75977 123639 0 1.59195 0.21875 0
22.6237 -51.9712 -0.842773 0.765137 1.33301 1.79883 33532 0 0.0710046 0.217773 0
-1.45563 26.7878 0.541016 0.792969 0.887207 1.66211 148585 0 0.124468 0.216919 0
-24.0691 -0.225624 0.916992 2.2207 5.07422 1.68457 109202 0 -1.57905 0.216553 0
-0.166641 57.7706 0.453857 2.06055 4.59375 1.60156 193985 0 -2.3168 0.215332 0
27.8636 -9.77258 0.153198 0.913574 1.10352 1.79688 95325 0 -1.58711 0.214355 0
-59.1088 -11.9078 0.6875 0.816406 0.821777 1.74219 91777 0 -1.63913 0.213135 0
-51.4061 -8.86453 0.456055 0.80127 0.815918 1.68848 96481 0 -1.5429 0.212769 0
-24.5629 30.8033 -0.22168 0.818848 1.66797 1.75391 154597 0 -2.68357 0.212769 0
56.1434 -17.1245 0.196045 2.22266 5.02344 1.79102 84649 0 1.54649 0.211548 0
68.7075 -5.57844 0.0628662 1.81543 3.9082 1.49023 101536 0 -1.58196 0.211548 0
-0.447029 57.1129 0.432373 2.05469 4.62109 1.59082 193048 0 0.003493 0.211426 1
51.4211 3.48375 0.327148 1.79395 4.07812 1.47949 114586 0 1.56667 0.211304 0
67.0201 3.44781 0.395996 2.10352 4.73828 1.68652 114635 0 1.58238 0.21106 0
52.9388 11.9427 0.362793 0.867188 0.935547 1.77734 127227 0 1.58095 0.210449 0
-0.193436 57.4516 0.405518 2.0293 4.60156 1.59473 193517 0 0.0393056 0.210083 0
-72.1495 -7.25047 0.408203 1.55859 2.97461 1.62207 98756 0 -1.58632 0.209473 0
25.0455 -34.2984 -1.30078 0.855957 1.44531 1.77832 59280 0 -2.11542 0.207642 0
36.837 9.22437 0.87793 0.850586 0.940918 1.71875 122965 0 1.44755 0.207642 0
52.4578 11.0181 0.329834 0.848145 0.992188 1.78711 125821 0 1.50735 0.207275 0
-71.8616 -7.25671 0.391113 2.00977 4.57422 1.63281 98757 0 -1.57102 0.20459 0
18.8112 59.9043 0.37207 0.902344 0.817871 1.85254 197320 0 2.8175 0.202881 1
28.3183 6.82328 0.0354004 1.6543 3.60156 1.48828 119662 0 1.53178 0.202148 0
-0.416718 74.3558 0.325439 2.33594 5.63281 1.8418 218320 0 -0.0369376 0.202148 0
-43.322 -24.3766 1.01074 0.831055 1.0957 1.74902 73574 0 -2.46402 0.20166 0
28.0158 6.84969 0.0516357 1.95312 4.5 1.49805 119661 0 1.52067 0.201416 0
65.7961 3.7289 0.376221 2.05078 4.49609 1.68262 115099 0 1.56851 0.200806 0
-24.7311 30.6434 -0.214111 0.812012 1.45508 1.74609 154128 0 -2.14034 0.200806 0
-0.16758 42.9826 0.674316 2.25977 4.98828 1.9248 172457 0 -0.0389347 0.199951 0
17.0702 66.8114 -0.104736 1.66309 3.67188 1.49023 207143 0 -3.08902 0.199707 0
50.9539 -9.57765 0.194336 0.862305 0.958984 1.66699 95865 0 1.49701 0.199097 0
15.5537 -6.87344 0.37793 0.849121 0.998535 1.71484 99498 0 -1.77052 0.198486 0
-49.3952 -10.295 0.601562 0.775391 0.795898 1.64746 94147 0 -1.65234 0.196655 0
-70.5459 -3.71664 0.352051 0.748047 1.23438 1.41016 103909 0 -0.875509 0.196289 0
41.1853 36.2644 0.330078 0.82373 0.803711 1.60352 162758 0 1.97883 0.195312 0
-46.7819 9.97774 0.647461 0.841797 1.2002 1.73926 124107 0 1.56035 0.194824 0
-51.0535 6.10609 0.84668 2.67969 6.4375 2.29297 118478 0 1.57691 0.19458 0
-66.4052 6.14703 0.462891 2.13281 4.85156 1.625 118430 0 1.60127 0.194092 0
19.7155 -7.76515 0.266357 0.929688 1.03418 1.84277 98107 0 -2.94103 0.193848 0
8.06496 -2.77016 0.768555 0.813965 1.07129 1.7168 105559 0 1.66579 0.193848 0
-71.9244 5.61578 0.553223 1.69727 3.65039 1.51855 117477 0 1.61551 0.192017 0
54.265 -16.4277 -0.0849609 0.802734 1.77246 2.00391 85579 0 -1.84268 0.191406 0
18.936 59.9038 0.404785 0.878418 0.811035 1.83984 197321 0 3.06752 0.190186 0
-72.4816 6.16016 0.555664 2.19336 4.82812 1.74512 118411 0 1.63566 0.189453 0
-73.1166 -7.55804 0.641602 1.97656 4.38672 1.65918 98285 0 -1.53595 0.187256 0
-66.5791 -9.51546 0.628418 0.841797 0.880859 1.8291 95497 0 -1.5058 0.187134 0
18.9082 12.4294 0.24646 0.798828 0.890137 1.64648 127589 0 0.216501 0.187134 0
38.4223 12.0931 0.359619 0.876953 0.883789 1.78223 127182 0 1.52129 0.18689 0
-70.3545 2.33297 0.568359 1.80371 3.875 1.46777 112802 0 1.59938 0.186401 0
58.4141 48.0558 0.320068 0.827637 1.23828 1.7793 180128 0 0.00909785 0.185913 0
-65.8187 5.8607 0.456055 1.89258 4.125 1.55371 117964 0 1.55474 0.185669 0
-0.207809 55.5291 0.517578 1.98926 4.30859 1.60059 190709 0 -0.00657885 0.185181 0
48.2386 14.773 0.432861 1.92188 3.75586 1.77246 131424 0 -1.59491 0.185059 0
-64.8715 -11.4437 0.636719 0.744629 0.749512 1.68652 92695 0 -1.58438 0.184814 0
26.7647 -8.83813 0.333496 0.922852 1.05859 1.83496 96725 0 -1.08799 0.183838 0
26.7425 -9.03031 0.224854 0.953613 1.07227 1.80176 96257 0 -1.37522 0.18335 0
-72.1994 -4.54656 0.429443 1.97852 4.3125 1.5918 102500 0 -1.56891 0.183105 0
-32.1903 10.6036 0.570801 0.937988 1.03125 1.72949 125089 0 1.53339 0.182617 0
26.5957 -10.6484 -0.026123 0.811035 0.891113 1.45703 93917 0 1.80485 0.182495 0
21.3178 -8.48445 0.0650635 0.856445 0.99707 1.72949 97176 0 2.70997 0.182129 0
-0.427185 57.7647 0.487305 2.0293 4.49219 1.59961 193984 0 3.02223 0.182007 1
-1.47625 26.9418 0.53125 0.790527 0.895996 1.66602 149053 0 0.155989 0.181519 0
-24.5714 30.6583 -0.250244 0.830566 1.61621 1.73438 154129 0 -3.00292 0.181274 0
19.6856 -7.60406 0.262451 0.929199 1.03027 1.82812 98575 0 -2.87443 0.18103 0
19.6388 12.9995 0.362549 0.813477 0.819824 1.64648 128527 0 -0.754148 0.18103 0
15.048 9.57672 0.367188 0.794922 0.977539 1.62207 123365 0 1.5192 0.180664 0
-24.717 30.7888 -0.213135 0.832031 1.64746 1.77441 154596 0 -2.0025 0.18042 0
52.7903 11.6764 0.351807 0.796387 0.884766 1.78809 126758 0 1.50407 0.179199 0
18.5125 12.3723 0.232056 0.758301 0.861328 1.6123 127587 0 0.753933 0.179077 0
25.3623 -33.8123 -1.20508 0.843262 1.80859 1.79102 60217 0 -2.52128 0.177002 0
34.7859 43.7969 0.391602 1.61914 3.43555 1.71289 173502 0 -3.09435 0.175293 2
59.6094 3.91762 0.344238 2.35547 5.73828 1.73828 115548 0 1.52718 0.174438 0
15.7583 -6.85921 0.370605 0.848633 1.00781 1.72656 99499 0 -1.73365 0.174072 0
40.433 36.5194 0.370361 0.874023 0.962402 1.71777 163224 0 3.01517 0.174072 0
-60.0844 -11.4124 0.714844 0.784668 0.796387 1.76465 92710 0 -1.62988 0.173584 0
-59.1123 -14.2915 0.585938 0.80127 0.804688 1.65527 88501 0 3.113 0.173218 0
9.74008 -10.0366 0.601562 0.770996 0.789062 1.80469 94800 0 -3.00332 0.173096 0
-65.423 -6.6807 0.418457 2.11328 4.71094 1.56836 99713 0 -1.43903 0.173096 0
23.6016 -10.4103 0.0533447 0.910645 1.00098 1.81055 94375 0 1.5964 0.172241 0
-0.747032 56.1405 0.516602 2.01172 4.39453 1.59766 191643 0 0.0555414 0.170776 0
-58.7259 6.11664 0.55127 2.33594 5.18359 1.7002 118454 0 1.58577 0.170532 0
-21.3062 12.6352 0.735352 0.658203 0.646484 1.5459 127931 0 1.6462 0.170532 0
-66 -6.95656 0.465332 2.24023 5.20312 1.65137 99243 0 -1.55936 0.168823 0
15.5453 -6.65211 0.35791 0.85791 0.983398 1.67578 99966 0 -1.90284 0.168823 0
-1.6664 26.9582 0.599609 0.791016 0.875 1.69238 149052 0 0.255221 0.168823 0
-0.76297 58.1159 0.540039 1.9082 4.14453 1.56934 194451 0 2.9255 0.168579 0
-2.71562 -4.38016 1.50391 2.71094 6.39453 2.61328 103185 0 -1.68546 0.168457 0
-0.749687 55.5566 0.579102 2.08594 4.59375 1.64941 190707 0 -0.105013 0.168213 0
-1.44469 13.2677 0.678711 0.876465 0.868164 1.7002 128929 0 -1.70659 0.168091 0
-66.5911 -9.68594 0.650879 0.824707 0.865234 1.80273 95029 0 -1.43954 0.167725 0
33.8109 34.034 0.085083 0.832031 0.87793 1.43164 159459 0 1.88544 0.167725 0
16.9839 10.0693 0.395508 0.813477 0.924805 1.65918 124307 0 -0.231368 0.167114 0
38.5354 11.157 0.234375 0.833496 0.86377 1.63867 125778 0 1.5755 0.167114 0
19.6584 60.6809 0.36084 0.850586 0.857422 1.89258 198259 0 3.12307 0.167114 0
-46.2736 8.92094 0.674805 0.913086 0.98877 1.79492 122237 0 1.63771 0.166748 0
-46.379 9.9975 0.707031 0.83252 0.973145 1.75391 124109 0 1.4895 0.166748 0
22.7789 -51.9609 -0.850586 0.761719 1.50488 1.79199 33533 0 0.000534474 0.165771 0
-47.6114 10.4377 0.65332 0.856445 1.01758 1.74902 124573 0 1.65052 0.164795 0
-15.8577 14.8291 0.788086 0.841797 1.86133 1.79492 131224 0 1.49361 0.164795 0
28.6075 6.32687 0.0462646 1.99414 4.43359 1.55469 118727 0 1.43949 0.164307 0
-70.5927 5.52773 0.62793 0.827637 1.71582 1.58691 117481 0 0.137348 0.162109 0
26.41 -10.9637 0.0743408 0.852051 1.15527 1.67188 93448 0 2.47544 0.161621 0
-47.8394 9.55594 0.585938 0.862305 0.936035 1.65234 123168 0 1.61552 0.161377 0
34.0481 30.3003 0.199829 0.703613 0.632812 1.625 153844 0 -1.07118 0.161011 0
23.55 -14.283 -0.65918 0.868164 0.928711 1.69629 88759 0 0.104796 0.160889 0
20.5938 -13.3271 -0.496338 0.842773 0.922363 1.63574 90154 0 -1.83698 0.160522 0
25.4816 34.7986 -0.0224609 0.677246 0.592285 1.10645 160369 0 -0.535084 0.160522 0
-0.219139 56.4842 0.448242 2.01367 4.38281 1.5791 192113 0 -0.0393765 0.1604 0
-54.2534 -12.9727 0.929688 0.78125 0.743164 1.8418 90388 0 -3.02381 0.160278 0
40.7278 36.297 0.385742 0.856934 0.882812 1.68652 162757 0 -3.01606 0.160278 0
17.0935 73.0283 -0.19165 2.35742 5.86328 2.03125 216503 0 3.10453 0.160156 0
-70.7962 5.30734 0.612305 0.828613 1.72656 1.56445 117012 0 -0.0575207 0.159912 0
9.36922 -11.6344 0.542969 0.779297 0.756836 1.80469 92459 0 0.0718124 0.159668 0
-10.4333 -7.56094 0.498779 1.95508 4.33594 1.46191 98481 0 -1.76983 0.159424 0
8.57797 50.9198 0.413574 0.836426 1.44434 1.6709 184184 0 -1.57039 0.158325 1
-60.0982 -12.0326 0.68457 0.762207 0.784668 1.80566 91774 0 1.35356 0.158203 0
69.2648 -15.9077 0.00817871 2.06055 4.60547 1.63965 86562 0 -1.58606 0.157837 0
16.8572 61.9592 -0.307861 1.91113 4.21484 1.5166 200122 0 -3.13276 0.157471 0
68.6984 -16.4287 0.0512695 1.64844 3.59766 1.42676 85624 0 1.56882 0.156494 0
68.9905 -15.8952 -0.00683594 1.89648 4.20703 1.56738 86561 0 3.05454 0.15625 0
67.9588 -5.61906 0.0695801 1.02734 2.07031 1.48438 101534 0 -2.68078 0.15625 0
49.7755 31.1473 0.612305 0.726074 0.648926 1.6543 155297 0 3.09016 0.15625 0
-70.8553 5.5482 0.629883 0.928711 1.98535 1.64844 117480 0 0.0899255 0.156128 0
-0.162735 74.7281 0.254883 2.34961 5.56641 1.91113 218789 0 -0.208558 0.155762 0
-71.2252 -7.54031 0.472168 1.97559 4.35156 1.65723 98291 0 -1.55619 0.155518 0
-70.5694 5.26664 0.611816 0.662598 1.35156 1.43457 117013 0 -0.245249 0.155396 0
58.6092 47.8597 0.311523 0.844727 1.24121 1.77246 179661 0 -0.19444 0.154297 0
-49.6084 -10.0953 0.597656 0.817383 0.848633 1.67188 94614 0 -1.60168 0.15271 0
41.1973 36.0631 0.338135 0.84082 0.812012 1.59473 162290 0 2.79189 0.15271 0
2.33586 -27.9939 0.302002 0.796875 0.940918 1.70508 68569 0 -0.0735216 0.152344 0
-73.0553 5.33688 0.599609 2.29883 5.26562 1.90234 117005 0 1.52381 0.152344 0
-64.1019 5.89633 0.498047 1.78125 3.92383 1.58789 117969 0 1.36836 0.152344 0
-1.65125 26.7975 0.587891 0.819336 0.913574 1.69238 148584 0 0.167477 0.152344 0
35.2448 38.4248 0.177246 0.881836 1.90527 1.79004 166016 0 -0.253421 0.152344 0
66.8628 -5.61336 0.16626 0.815918 1.97168 1.39844 101530 0 -3.0125 0.150269 0
18.1995 11.8844 0.24292 0.759766 0.825195 1.62793 127118 0 1.63168 0.150269 0
-0.200546 46.93 0.603516 2.16992 4.625 1.84766 178073 0 0.0202609 0.150269 0
2.14141 -27.9925 0.264893 0.782227 0.942383 1.68262 68568 0 1.2271 0.150024 0
36.3328 28.2999 0.249146 0.827637 0.95459 1.63672 151043 0 1.52553 0.150024 0
-49.2059 -10.4139 0.641602 0.802246 0.819824 1.68652 94148 0 -1.65542 0.149536 0
33.4092 34.0344 0.0825195 0.820312 1.1377 1.43457 159458 0 2.95342 0.149292 0
12.1345 -20.565 0.557129 0.90625 0.848145 1.72363 79363 0 0.119599 0.149048 0
-15.8073 -15.0909 0.238037 2.13477 4.92188 1.59766 87232 0 1.56475 0.148926 0
-43.5725 -24.1431 0.984375 0.854492 1.15625 1.76758 74041 0 -2.85833 0.148804 0
67.2674 -5.59359 0.123657 0.873535 1.9541 1.42188 101532 0 -2.79788 0.14856 0
28.9541 6.82851 0.0396729 1.99121 4.53125 1.52246 119664 0 1.49019 0.14856 0
22.5969 -52.2717 -0.701172 0.75 1.66699 1.80078 33064 0 0.11819 0.148315 0
-16.0728 14.8604 0.8125 0.873047 1.84863 1.80859 131223 0 1.20049 0.148315 0
-66.6737 5.35172 0.411377 2.03906 4.70703 1.58398 117025 0 1.57322 0.148193 0
0.123985 59.011 0.494385 2.0625 4.55078 1.66504 195858 0 -3.09433 0.148193 1
25.3605 -34.0625 -1.28711 0.877441 1.81445 1.7998 59749 0 -2.42756 0.148071 0
15.7873 -6.64317 0.336426 0.89502 1.06152 1.71484 99967 0 1.03505 0.147583 0
1.40102 -4.50531 1.69238 3.04688 12.1328 3.43359 102730 0 -1.69196 0.147583 0
-66.9608 5.90328 0.544434 2.24219 5.21484 1.72559 117960 0 1.58985 0.147217 0
-66.3775 -9.20441 0.572266 0.825195 0.92627 1.79004 95966 0 -2.82787 0.147095 0
21.256 -8.72688 0.072876 0.885254 1.02148 1.75293 96708 0 2.1254 0.146851 0
-63.4597 10.5069 0.705078 0.865234 0.919434 1.69141 124523 0 1.62854 0.146851 0
19.9058 -7.78031 0.209106 0.890137 0.985352 1.78027 98108 0 -3.04929 0.146606 0
-38.8772 23.8603 0.402344 1.99121 4.51172 1.68164 144256 0 1.63099 0.145996 0
33.1723 33.8559 0.000732422 0.710938 0.704102 1.37402 158989 0 -2.9589 0.14563 0
58.6406 48.0859 0.308838 0.830566 1.76758 1.78223 180129 0 -0.663104 0.14563 0
0.398125 74.0863 0.260254 2.08984 4.8125 1.77832 217855 0 0.138365 0.144897 0
20.0097 12.5984 0.319092 0.768066 0.785156 1.62988 128060 0 0.566729 0.144775 0
-43.1328 -24.3869 1.01758 0.847656 1.08496 1.77246 73575 0 -2.59544 0.144653 0
12.0522 12.1915 0.536133 0.838379 0.972168 1.66699 127567 0 1.6133 0.144653 0
0.104843 58.0848 0.447754 2.04492 4.51172 1.60059 194454 0 0.143225 0.144531 1
-59.2678 -11.9067 0.675781 0.799316 0.843262 1.75195 91776 0 -1.6236 0.144287 0
26.6089 -10.4655 0.00219727 0.851562 0.943848 1.51074 94385 0 2.13926 0.144287 0
25.4538 -8.07437 0.139893 0.937012 1.00684 1.74902 97657 0 -1.24488 0.144287 0
-65.4084 -7.73062 0.453369 1.91113 4.19141 1.44141 97841 0 -1.61023 0.144287 0
29.2458 6.59406 0.0780029 2.06055 4.59375 1.55859 119197 0 1.48521 0.144287 0
66.1269 3.43375 0.34375 1.9248 4.17969 1.62891 114632 0 1.56487 0.143555 0
-1.72343 14.5855 0.725586 0.800781 0.793945 1.68359 130800 0 -0.532828 0.143188 0
-60.3494 -11.1384 0.682617 0.746094 0.744141 1.72559 93177 0 -1.29466 0.142944 0
20.9575 -8.73688 0.0505371 0.916504 1.02637 1.80273 96707 0 2.09295 0.142456 0
-51.5647 -8.86516 0.509766 0.802734 0.807129 1.69629 96480 0 -1.54109 0.142212 0
9.20782 -11.6322 0.568848 0.820801 0.836914 1.79688 92458 0 -0.0532903 0.141479 0
-65.0378 -11.4298 0.625 0.738281 0.734375 1.68945 92694 0 -1.52781 0.141357 0
23.5448 -14.4737 -0.666016 0.838867 0.921875 1.70703 88291 0 0.0527461 0.140869 0
33.1813 34.0486 0.0710449 0.768066 0.812012 1.38086 159457 0 -2.96867 0.140869 0
20.9653 -10.6697 0.305664 0.891113 0.966797 1.76367 93899 0 0.269638 0.140381 0
-38.9944 -9.39781 0.899414 0.835938 0.869629 1.81738 95584 0 1.63345 0.139893 0
-46.3679 9.82281 0.6875 0.804199 0.926758 1.73145 123641 0 1.52198 0.139893 0
61.3951 14.9169 0.821289 0.877441 1.94434 1.86621 131465 0 1.42169 0.139404 0
-51.4017 -9.0125 0.511719 0.812988 0.847656 1.67773 96013 0 -1.55144 0.139038 0
0.0928955 57.783 0.419678 2.02344 4.47656 1.5957 193986 0 0.496953 0.138672 1
67.7644 -5.62078 0.0740967 0.904785 1.89746 1.45215 101533 0 -2.84804 0.138428 0
20.2686 -1.16906 0.208374 0.723145 0.803711 1.61035 107937 0 1.4294 0.138428 0
17.6384 49.9679 -0.0339355 2.18555 4.99609 1.66406 182809 0 3.0759 0.138306 0
-46.8278 9.48563 0.646973 0.830566 1.00586 1.73633 123171 0 1.49976 0.137939 0
20.9442 -8.51781 0.107056 0.857422 0.961426 1.79395 97175 0 2.62593 0.137695 0
18.5416 12.5723 0.220093 0.815918 0.898438 1.64844 128055 0 -0.0299734 0.137695 0
66.7475 4.21957 0.446289 2.29102 4.97656 1.83789 116038 0 1.50089 0.137573 0
-72.4845 5.04969 0.5 1.98926 4.30078 1.66016 116539 0 1.51111 0.137573 0
33.4191 33.8586 0.0247803 0.768555 0.865234 1.40039 158990 0 -2.96039 0.137329 0
18.6275 11.9808 0.251953 0.758789 0.875488 1.61621 127120 0 1.68308 0.136963 0
33.9887 34.0259 0.12439 0.808105 0.813965 1.35645 159460 0 1.71847 0.136597 0
68.9903 -5.8139 0.108521 2.13477 4.71484 1.5957 101069 0 -1.58594 0.135986 0
26.3207 -11.6873 0.416016 0.848633 0.917969 1.87891 92512 0 -2.3194 0.13562 0
-63.2642 10.5098 0.69043 0.849121 0.921875 1.68359 124524 0 1.66734 0.13562 0
20.0455 12.3642 0.355469 0.784668 0.745117 1.72852 127592 0 0.635366 0.13562 0
35.2309 44.5692 0.411133 2.17188 5.01562 1.88379 174908 0 -3.11552 0.135498 0
-43.1645 -23.9537 1.01855 0.79834 0.900879 1.75195 74511 0 -2.49569 0.135254 0
-70.5403 -3.91718 0.411377 0.937988 1.64746 1.52637 103441 0 -1.30969 0.135254 0
-52.2386 5.92375 0.796875 2.41406 5.60938 2.16797 118006 0 1.5691 0.13501 0
67.0179 -5.87703 0.0749512 0.795898 2.00977 1.41895 101063 0 -2.89397 0.134155 0
-58.6175 -12.9367 0.742188 0.813965 0.861816 1.76855 90374 0 -1.50198 0.133911 0
18.497 -12.8759 -0.414795 0.867188 0.957031 1.65234 90615 0 -2.5917 0.133301 0
38.7503 11.4056 0.241211 0.847656 0.918945 1.70898 126247 0 1.46249 0.133301 0
-36.255 12.2634 1.14844 0.84082 1.88965 1.78027 127416 0 1.44672 0.133301 0
19.6748 12.6605 0.278564 0.774902 0.824707 1.59766 128059 0 0.10249 0.133301 0
3.35117 24.0674 0.477539 2.26367 5.50781 1.61621 144856 0 -0.0345451 0.133301 0
15.5233 -7.14516 0.416504 0.854492 1.03027 1.71973 99030 0 -1.83215 0.132935 0
0.0454712 47.5834 0.69043 2.05469 4.46875 1.79395 179010 0 0.0385641 0.132935 0
24.7792 -52.008 -0.522461 2.06641 4.71875 1.70508 33539 0 -1.62161 0.132568 0
33.8136 33.8497 0.0150146 0.77002 0.830078 1.34473 158991 0 2.55314 0.132324 0
18.6303 -12.8789 -0.459229 0.861816 0.962402 1.63867 90616 0 -2.85204 0.131836 0
21.6016 -8.70328 0.0716553 0.87207 1.03223 1.71973 96709 0 2.52121 0.131836 0
12.6777 -0.848358 0.54541 0.821289 1.24609 1.71973 108381 0 1.57783 0.131714 0
26.9345 -8.83156 0.269775 0.929688 1.05859 1.80762 96726 0 -1.32953 0.131348 0
34.0321 30.4912 0.232788 0.745117 0.710449 1.68457 154312 0 -1.53418 0.131348 0
17.6925 62.2728 0.0107422 2.05664 4.65234 1.71777 200593 0 3.10899 0.131348 0
65.1166 3.73375 0.372314 1.93945 4.33594 1.62695 115097 0 1.59094 0.131226 0
0.0567169 48.7455 0.662109 2.16211 4.79688 1.80371 180882 0 -0.00605026 0.130859 1
26.3819 -9.41016 0.0968018 0.894043 0.989258 1.63379 95788 0 -1.49111 0.130737 0
-47.1547 9.79313 0.622559 0.845215 1.00391 1.71875 123638 0 1.55005 0.130737 0
24.6284 35.9277 0.287354 0.930176 0.867188 1.7666 162238 0 -1.63064 0.130493 0
30.1095 44.533 0.329102 2.15039 4.90625 1.8457 174892 0 -3.08285 0.130493 2
25.4903 -7.92414 0.159302 0.848633 0.894531 1.7207 98125 0 -1.32248 0.129761 0
-0.731873 57.1131 0.469727 1.98828 4.375 1.5752 193047 0 0.255236 0.129639 0
-59.2569 -14.2827 0.579102 0.840332 0.84375 1.67773 88500 0 3.13776 0.12854 0
52.6866 11.292 0.366211 0.812988 0.899414 1.79883 126290 0 1.46349 0.12854 0
21.2756 65.7733 0.0020752 0.772949 0.730469 1.63574 205752 0 3.03622 0.128296 0
0.0934372 73.1853 0.39209 1.90918 4.17969 1.70605 216450 0 0.0622953 0.128296 0
-47.6153 10.6757 0.680664 0.878418 1.04004 1.74512 125041 0 1.64891 0.127197 0
20.2836 -1.38687 0.19519 0.759277 0.904785 1.60352 107469 0 1.90043 0.126709 0
25.0981 -34.6472 -1.22461 0.821289 1.8623 1.79688 58812 0 -0.0998054 0.126587 0
-47.6021 -3.58828 0.5625 1.90137 3.58008 1.49023 103981 0 -1.57502 0.126465 0
20.4119 -13.3198 -0.450439 0.845703 0.927246 1.63086 90153 0 -1.76253 0.126099 0
-71.9235 -3.75375 0.370605 1.80957 3.81836 1.54004 103905 0 -1.49355 0.126099 0
-0.752808 57.7766 0.527344 1.92969 4.21094 1.56738 193983 0 2.70435 0.126099 0
21.9192 -8.72 0.055542 0.858887 0.953125 1.73145 96710 0 2.80074 0.125854 0
61.8793 14.6672 0.790039 0.834473 1.9707 1.81445 130999 0 1.50238 0.125854 0
19.3831 -10.7393 -0.192139 0.894531 0.991211 1.69238 93894 0 1.45665 0.125488 0
54.0062 10.0267 0.215088 0.814941 0.955566 1.5293 124422 0 -1.52312 0.125122 0
16.8919 71.6425 -0.0339355 1.63965 3.61523 1.55078 214162 0 3.10699 0.124756 0
35.0122 17.108 0.081543 0.859375 1.77441 1.5166 134659 0 1.54613 0.124573 0
36.3394 28.0628 0.237305 0.824219 0.984863 1.64551 150575 0 1.51641 0.124573 0
20.5956 -13.4906 -0.451416 0.854492 0.931641 1.68066 89686 0 -1.58016 0.124329 0
34.0194 33.8331 0.0548096 0.751953 0.79248 1.29883 158992 0 2.06851 0.124329 0
17.5055 48.9133 -0.00244141 1.69727 3.29102 1.57227 180936 0 3.09419 0.124329 1
26.9759 -9.05156 0.196777 0.939453 1.05859 1.77344 96258 0 -1.47577 0.124023 0
-62.9768 10.9827 0.654297 0.830566 1.05762 1.71191 125461 0 1.4102 0.123718 0
48.1343 15.1699 0.430664 1.1416 1.39746 1.75195 131892 0 -1.64826 0.123596 0
38.2608 12.5252 0.387695 0.821777 0.875977 1.72949 128117 0 1.52174 0.123413 0
-72.78 -7.24641 0.492188 1.93945 4.32812 1.60352 98754 0 -1.50403 0.122314 0
48.5819 24.2544 0.295166 1.74512 3.17773 1.53613 144997 0 -1.59704 0.122314 0
55.8828 -16.8705 0.137695 2.00195 4.44141 1.68555 85116 0 1.50112 0.122131 0
34.9996 17.4082 0.0803223 0.928711 2.16211 1.4834 135127 0 1.15895 0.121887 0
8.22234 50.7519 0.462646 0.867676 1.90527 1.69727 183715 0 -1.36618 0.121887 0
-73.4567 -7.24274 0.667969 1.95117 4.23828 1.64844 98752 0 -1.46872 0.121704 0
18.6593 11.3825 0.261475 0.796875 0.860352 1.64746 126184 0 1.75193 0.12146 0
19.6722 -10.0984 -0.0310059 0.914062 1.01855 1.73145 94831 0 1.64448 0.121338 0
19.6155 13.2492 0.411377 0.994629 0.987305 1.81445 128995 0 -1.53946 0.121338 0
-72.1648 -6.93164 0.397461 1.39941 2.36328 1.62793 99224 0 -1.55674 0.121155 0
23.7622 -14.2707 -0.641602 0.891113 0.965332 1.71094 88760 0 0.117865 0.121033 0
-64.8311 -12.2556 0.640625 0.70752 0.71875 1.61816 91291 0 -1.51546 0.121033 0
19.4503 13.0078 0.327637 0.822266 0.857422 1.67676 128526 0 -0.701872 0.121033 0
44.6107 43.5669 0.217041 0.935059 0.985352 1.7959 173533 0 -1.56024 0.121033 0
45.7375 -8.34594 0.763672 0.837402 0.852539 1.80859 97252 0 -1.68431 0.120789 0
68.6831 -15.899 0.0305176 1.71191 3.75977 1.48438 86560 0 1.55312 0.120728 0
-46.0492 9.16375 0.691406 0.864258 0.983887 1.75586 122706 0 1.59401 0.120728 0
-15.838 14.6716 0.75293 0.84668 1.83496 1.80469 130756 0 1.41126 0.120483 0
34.7292 17.4227 0.14624 0.838867 1.91797 1.41113 135126 0 1.12343 0.120483 0
-0.737343 57.4324 0.482422 1.98145 4.35938 1.57227 193515 0 0.579193 0.120483 0
41.3587 36.0325 0.369385 0.807129 0.797852 1.51562 162291 0 2.79412 0.1203 0
-59.1036 -14.4547 0.578613 0.813965 0.839844 1.69434 88033 0 3.11917 0.119934 0
-66.403 -9.98093 0.708984 0.806641 0.81543 1.75 94562 0 1.51634 0.119812 0
43.3031 -6.42406 0.259766 2.31445 5 1.85156 100053 0 -1.63282 0.119812 0
1.17 14.9616 0.494385 0.755371 0.817871 1.44531 131277 0 0.0578978 0.119812 0
28.2995 7.14508 0.0162354 1.96484 4.44531 1.51562 120130 0 1.53751 0.119629 0
24.8322 -34.6375 -1.20801 0.829102 1.84863 1.78711 58811 0 0.283167 0.119202 0
-60.4966 -12.3338 0.648926 0.799316 0.815918 1.76758 91304 0 1.59239 0.119202 0
-71.8626 -6.9207 0.386963 1.93848 4.25391 1.63379 99225 0 -1.54917 0.11908 0
25.1766 34.7859 0.00195312 0.651855 0.592285 1.0293 160368 0 -1.54764 0.11908 0
-70.8822 -7.21992 0.482422 1.9707 4.30859 1.63379 98760 0 -1.55891 0.118774 0
22.1911 -8.75844 -0.0166016 0.832031 0.914551 1.77441 96711 0 2.75356 0.11853 0
-48.7188 -3.88844 0.574707 2.31445 5.36719 1.64551 103509 0 -1.59198 0.11853 0
-46.5155 8.87938 0.649414 0.894531 1.00391 1.79883 122236 0 1.63318 0.11853 0
67.7525 -5.86844 0.10083 0.895508 1.9082 1.44727 101065 0 -2.89525 0.118347 0
32.4465 47.6341 1.09668 0.847656 0.786621 1.82715 179111 0 1.20734 0.118347 0
24.5195 -52.2939 -0.592773 1.97754 4.46484 1.65137 33070 0 -1.61915 0.118225 0
-59.3719 -11.1307 0.639648 0.743652 0.762207 1.72363 93180 0 -1.60952 0.118225 0
58.4145 47.6288 0.304932 0.842285 1.14355 1.73633 179192 0 0.0864387 0.117371 0
